"id","strategy_name","symbol","exchange","type","entry_price","exit_price","qty","fee","size","PNL","PNL_percentage","holding_period","opened_at","closed_at"
"cfa0d24c-8573-4b23-aac3-969ff93d0c66","TradeIQ220320Strategy_LongOnly","BTC-USDT","Bybit Perpetual","long","29302.11","29048.47","0.32420873445632414","3.7835535393184996","9500.0","-86.01585694682038","-0.905430073124425","57600.0","1609473600000.0","1609531200000.0"
"39ba177d-2215-4e9b-8e95-3c3bafbf1db5","TradeIQ220320Strategy_LongOnly","BTC-USDT","Bybit Perpetual","long","29777.330000000005","34472.24","0.31629044430445974","4.064305008334098","9418.28493590052","1480.8908648611148","15.723572549990186","86400.0","1609574400000.0","1609660800000.0"
"42a6f3b4-0a69-4c46-b92a-0f3196e9ee37","TradeIQ220320Strategy_LongOnly","BTC-USDT","Bybit Perpetual","long","34472.24","32186.58","0.31402459653096465","4.18650181114604","10825.13125751858","-721.9399611181095","-6.66911046105503","86400.0","1609660800000.0","1609747200000.0"
"58943b0b-52b3-4ed8-9899-dc84d35e4c29","TradeIQ220320Strategy_LongOnly","BTC-USDT","Bybit Perpetual","long","33747.0","41399.98","0.3004500635450967","4.515582983244422","10139.288294456377","2294.8227443261108","22.632976572732407","230400.0","1609876800000.0","1610107200000.0"
"74fe545e-7290-47ef-98cd-7475eb6543ac","TradeIQ220320Strategy_LongOnly","BTC-USDT","Bybit Perpetual","long","41399.98","40637.23","0.2975694650472338","4.882353738733516","12319.369901566179","-231.8534632035111","-1.8820237159534858","43200.0","1610107200000.0","1610150400000.0"
"8a84bd6b-e89a-4b03-abe8-364ee9a9a3b8","TradeIQ220320Strategy_LongOnly","BTC-USDT","Bybit Perpetual","long","36452.84","35451.0","0.3319112889838719","4.773139243458018","12099.109111522845","-337.29514499905906","-2.787768437246581","14400.0","1610438400000.0","1610452800000.0"
"da2575b4-a302-4935-b554-fb07a04a75a7","TradeIQ220320Strategy_LongOnly","BTC-USDT","Bybit Perpetual","long","36035.43","35691.31","0.32686383161720944","4.688975413162272","11778.678723773737","-117.16935714927723","-0.9947580700438502","158400.0","1610568000000.0","1610726400000.0"
"9c5e261f-68b5-41f4-982b-420b18de1e84","TradeIQ220320Strategy_LongOnly","BTC-USDT","Bybit Perpetual","long","36448.42","35988.74","0.32010627167053946","4.637517843600467","11667.367834481924","-151.78396880511414","-1.3009272610445126","14400.0","1610985600000.0","1611000000000.0"
"26460905-0e55-41f4-8300-21d896e7de65","TradeIQ220320Strategy_LongOnly","BTC-USDT","Bybit Perpetual","long","36686.86","36346.35","0.314095375404629","4.587878702391021","11523.173064117067","-111.54049498142189","-0.9679668469855476","72000.0","1611014400000.0","1611086400000.0"
"18114e12-d525-40ed-abf2-0c20cfb7d9ca","TradeIQ220320Strategy_LongOnly","BTC-USDT","Bybit Perpetual","long","33600.0","33377.96","0.3397979045799023","4.551794092207302","11417.209593884716","-80.0005208251291","-0.7007011666666693","14400.0","1611547200000.0","1611561600000.0"
"c8742d69-68e4-48dd-800c-87fd817e7a60","TradeIQ220320Strategy_LongOnly","BTC-USDT","Bybit Perpetual","long","34507.81","33441.32","0.3286562983597291","4.466381908512805","11341.209099100843","-354.97503754617964","-3.1299576124940933","14400.0","1611590400000.0","1611604800000.0"
"60cf137c-879b-4c51-9fa4-ed2b1cfe2a7c","TradeIQ220320Strategy_LongOnly","BTC-USDT","Bybit Perpetual","long","32564.08","32306.149999999998","0.3379178166075004","4.384161296885274","11003.982813431972","-91.54330373445919","-0.8319106389617147","43200.0","1611864000000.0","1611907200000.0"
"3d4ae2d9-75bd-4e69-a697-5f622b4a78a0","TradeIQ220320Strategy_LongOnly","BTC-USDT","Bybit Perpetual","long","37066.11","33299.99","0.29452825437803526","4.144960920078053","10917.016674884237","-1113.373710298285","-10.19851616476615","57600.0","1611921600000.0","1611979200000.0"
"0de9e987-1d20-4bc8-a8f3-db4a3d108a35","TradeIQ220320Strategy_LongOnly","BTC-USDT","Bybit Perpetual","long","34821.61","36604.61","0.2831377311416924","4.044691574965475","9859.311650100866","500.789883050672","5.079359501183317","187200.0","1612267200000.0","1612454400000.0"
"3d02a24a-3cc0-48f3-b827-270358df35c6","TradeIQ220320Strategy_LongOnly","BTC-USDT","Bybit Perpetual","long","39441.31","37965.79","0.26203648000025875","4.056696802205606","10335.062038999005","-390.69676377218656","-3.7803040010587803","129600.0","1612584000000.0","1612713600000.0"
"422ee311-aeb3-40d8-b1b6-c69c4fc8d552","TradeIQ220320Strategy_LongOnly","BTC-USDT","Bybit Perpetual","long","43785.81","47083.34","0.2275600271735393","4.135637248647283","9963.900113415428","746.2503791569135","7.489540949453715","345600.0","1612800000000.0","1613145600000.0"
"2acfd73c-16be-4e91-bbb0-7abeca6421c0","TradeIQ220320Strategy_LongOnly","BTC-USDT","Bybit Perpetual","long","48823.85","47165.18","0.21859886046705646","4.19661851506762","10672.837973614494","-366.7799904059597","-3.436574145627594","72000.0","1613289600000.0","1613361600000.0"
"dd8b16e0-1efb-470e-ba86-b359d9f2d330","TradeIQ220320Strategy_LongOnly","BTC-USDT","Bybit Perpetual","long","49716.6","51327.21","0.20766498478835704","4.196652253321528","10324.396982728831","330.27064889665434","3.19893403410531","259200.0","1613448000000.0","1613707200000.0"
"7ca1dc92-e1e8-45b9-aa27-4195cdab347f","TradeIQ220320Strategy_LongOnly","BTC-USDT","Bybit Perpetual","long","52832.04","55917.41","0.20135800357473707","4.379514428370138","10638.154099180652","616.8844290610169","5.798792001974564","129600.0","1613736000000.0","1613865600000.0"
"4cc4b223-d0c6-4967-a8fc-b6e1ce9f5cc7","TradeIQ220320Strategy_LongOnly","BTC-USDT","Bybit Perpetual","long","57415.43","54606.16","0.195490903870068","4.379840376412435","11224.194306788619","-553.5665718914778","-4.931904747556532","86400.0","1613908800000.0","1613995200000.0"
"287a9e31-94d0-4590-b2df-51e29450d1fc","TradeIQ220320Strategy_LongOnly","BTC-USDT","Bybit Perpetual","long","49184.51","47494.92","0.21751372664872973","4.2058206219150005","10698.306063491715","-371.71483803034306","-3.4745205065578646","100800.0","1614614400000.0","1614715200000.0"
"3b0f25ce-5e11-447e-b02d-622c44d6451d","TradeIQ220320Strategy_LongOnly","BTC-USDT","Bybit Perpetual","long","48728.06","49611.69","0.2123043061300386","4.175590477750292","10345.176967362888","183.4228635479367","1.7730277995881731","86400.0","1614744000000.0","1614830400000.0"
"9c191c43-4163-47b7-894f-d582fbbbede6","TradeIQ220320Strategy_LongOnly","BTC-USDT","Bybit Perpetual","long","49298.42","48185.05","0.21338267408435052","4.160256701524313","10519.428687733427","-241.73412454681664","-2.2979776917799706","57600.0","1614974400000.0","1615032000000.0"
"e1f84047-92d2-49ae-9d6d-e8748e3a8ced","TradeIQ220320Strategy_LongOnly","BTC-USDT","Bybit Perpetual","long","48908.21","49783.97","0.21038965174587154","4.152762676048174","10289.781269413952","180.0980787369167","1.7502614877952023","115200.0","1615075200000.0","1615190400000.0"
"3afbd96c-74e6-4625-b8b6-ad933bfbec15","TradeIQ220320Strategy_LongOnly","BTC-USDT","Bybit Perpetual","long","52429.43","56284.270000000004","0.19952294816506727","4.338175585986535","10460.874444214023","764.7908659186421","7.310964967576424","216000.0","1615248000000.0","1615464000000.0"
"d96b8e23-5e2d-4f6b-8845-c3e4ba0fbdf5","TradeIQ220320Strategy_LongOnly","BTC-USDT","Bybit Perpetual","long","56904.92","59037.12","0.19659856769567083","4.558807799942835","11187.425766836732","414.6286582407674","3.706202542767839","273600.0","1615492800000.0","1615766400000.0"
"6ace6159-f013-40a7-b638-a671731d9cc1","TradeIQ220320Strategy_LongOnly","BTC-USDT","Bybit Perpetual","long","56954.19","55561.82","0.20334452991369836","4.575903032242997","11581.32299216546","-287.7067261481797","-2.484230224325906","14400.0","1615939200000.0","1615953600000.0"
"56f787e1-89b1-444b-ab2a-20918c13eba0","TradeIQ220320Strategy_LongOnly","BTC-USDT","Bybit Perpetual","long","57897.1","57796.06","0.195312055393529","4.519253774914483","11308.001602324688","-24.253583851876822","-0.21448160961429996","115200.0","1616011200000.0","1616126400000.0"
"3248e39e-fa1d-4c6c-9dba-b9202aaa1ca5","TradeIQ220320Strategy_LongOnly","BTC-USDT","Bybit Perpetual","long","59285.22","57011.46","0.19035032167655622","4.4274220895831045","11284.960697665405","-437.23836950487","-3.8745227495149757","57600.0","1616256000000.0","1616313600000.0"
"e0db0135-52d1-4074-9b08-38c62a5d8756","TradeIQ220320Strategy_LongOnly","BTC-USDT","Bybit Perpetual","long","55030.0","54480.01","0.19752106572116623","4.326106776467114","10869.584246635777","-112.96071771245093","-1.039236783572593","43200.0","1616803200000.0","1616846400000.0"
"edb03ca5-de63-4eca-b0e1-36fff380ff65","TradeIQ220320Strategy_LongOnly","BTC-USDT","Bybit Perpetual","long","55784.28","58244.24","0.1929266016305839","4.399826970513014","10762.271564808949","470.191895976658","4.368890834478815","302400.0","1616875200000.0","1617177600000.0"
"e6de8b5d-0e73-4278-a295-5089c2d30a69","TradeIQ220320Strategy_LongOnly","BTC-USDT","Bybit Perpetual","long","58794.01","58657.0","0.19064788855168704","4.478357412952617","11208.953865986774","-30.599024623419645","-0.27298733663514707","158400.0","1617321600000.0","1617480000000.0"
"b1204591-a6c8-484b-a8e1-540922e990a5","TradeIQ220320Strategy_LongOnly","BTC-USDT","Bybit Perpetual","long","59098.01","57876.95","0.1891753172838565","4.425755034453285","11179.884792594525","-235.42016795708005","-2.105747709609858","86400.0","1617638400000.0","1617724800000.0"
"95f5bc60-9f33-40af-90b4-bc684faf0391","TradeIQ220320Strategy_LongOnly","BTC-USDT","Bybit Perpetual","long","57795.24","59832.42999999999","0.18956986134213305","4.459732218379637","10956.235633035301","381.73009360919946","3.4841354858981384","201600.0","1617897600000.0","1618099200000.0"
"62065ba0-f4f3-437e-9048-55dd30162841","TradeIQ220320Strategy_LongOnly","BTC-USDT","Bybit Perpetual","long","60832.23","62242.47","0.18606714272950442","4.580031554258188","11318.879221964042","257.81929580859776","2.2777811367428056","216000.0","1618214400000.0","1618430400000.0"
"a7899425-0323-4cda-8573-d3352a7288a0","TradeIQ220320Strategy_LongOnly","BTC-USDT","Bybit Perpetual","long","57138.23","56630.33","0.20238302014224466","4.604964954006835","11563.807552982209","-107.39530088425319","-0.9287191990371445","201600.0","1619798400000.0","1620000000000.0"
"0556bce3-2122-4b34-a346-f532b7c55312","TradeIQ220320Strategy_LongOnly","BTC-USDT","Bybit Perpetual","long","58845.47","57214.83","0.19477764417791493","4.521190363316412","11461.782017142168","-322.1334080655915","-2.810500213525356","57600.0","1620028800000.0","1620086400000.0"
"3d3df677-4495-4831-8b7f-049e33bd903e","TradeIQ220320Strategy_LongOnly","BTC-USDT","Bybit Perpetual","long","57596.1","55770.01999999999","0.19368942132331626","4.391563636093926","11155.755279479856","-358.083942126177","-3.209858348047887","129600.0","1620230400000.0","1620360000000.0"
"09a11eab-938e-4bae-a618-a10a3856ba00","TradeIQ220320Strategy_LongOnly","BTC-USDT","Bybit Perpetual","long","56510.58","57997.2","0.1913902765545848","4.383135136370311","10815.57553445999","280.1414777952057","2.5901670872958573","158400.0","1620388800000.0","1620547200000.0"
"92f873dc-1fe1-4e90-8840-b356066def81","TradeIQ220320Strategy_LongOnly","BTC-USDT","Bybit Perpetual","long","59428.55","55828.14","0.1864711479308419","4.298409458201838","11081.709938365435","-675.670995179885","-6.097172719172861","57600.0","1620619200000.0","1620676800000.0"
"b24ed381-daa1-4e8a-8007-abb0a3121ea6","TradeIQ220320Strategy_LongOnly","BTC-USDT","Bybit Perpetual","long","57177.01","56472.06","0.182587765483794","4.150185948122258","10439.822492944544","-132.86543122592363","-1.2726790260631053","14400.0","1620806400000.0","1620820800000.0"
"644f1dc1-8c89-43ba-b4a8-794912472504","TradeIQ220320Strategy_LongOnly","BTC-USDT","Bybit Perpetual","long","40677.54","39709.57","0.2535453307471376","4.076355278551306","10313.60033327992","-249.5006290818584","-2.4191419195949444","14400.0","1623686400000.0","1623700800000.0"
"39143d87-bf72-472b-a1ae-8839b573b5d2","TradeIQ220320Strategy_LongOnly","BTC-USDT","Bybit Perpetual","long","40489.1","39839.81","0.24887129463614044","3.998311965682001","10076.574735652153","-165.58795485998186","-1.6432960525178404","43200.0","1623715200000.0","1623758400000.0"
"52974ccc-1fa6-4ab3-892a-0c6850806e54","TradeIQ220320Strategy_LongOnly","BTC-USDT","Bybit Perpetual","long","40130.0","39079.6","0.24717832490743016","3.9157792489175156","9919.266178535172","-263.5518917316825","-2.6569696486419168","14400.0","1623830400000.0","1623844800000.0"
"0149460e-f148-403c-94b4-97170edd8453","TradeIQ220320Strategy_LongOnly","BTC-USDT","Bybit Perpetual","long","33634.46","34152.77","0.28746981165715385","3.897356448172034","9668.891881390075","145.1011216318467","1.5007006326249854","144000.0","1627084800000.0","1627228800000.0"
"712443fb-3d45-4d8d-8958-fa361795a9d6","TradeIQ220320Strategy_LongOnly","BTC-USDT","Bybit Perpetual","long","35370.66","36819.12","0.27725628944838254","4.003014107779012","9806.737946940328","397.5916309066249","4.05426996273182","100800.0","1627257600000.0","1627358400000.0"
"c00fa412-0e1e-4c99-bd71-e2032809d797","TradeIQ220320Strategy_LongOnly","BTC-USDT","Bybit Perpetual","long","40694.19","43723.26","0.250267912847058","4.225395803874176","10184.44999630162","753.8536309637637","7.402006306059905","259200.0","1628193600000.0","1628452800000.0"
"a458745c-278f-4517-81c6-5b214c4861d7","TradeIQ220320Strategy_LongOnly","BTC-USDT","Bybit Perpetual","long","45930.81","45938.54","0.237326773590912","4.360611285478851","10900.610945717197","-2.526075325620341","-0.023173704099703006","230400.0","1628510400000.0","1628740800000.0"
"c89d76e7-05bf-44a4-95f5-010d95270767","TradeIQ220320Strategy_LongOnly","BTC-USDT","Bybit Perpetual","long","46108.85","45788.25","0.2363583384568875","4.344129173001287","10898.211174157857","-80.12061248227909","-0.7351721415736862","172800.0","1628841600000.0","1629014400000.0"
"9766164a-a86f-4b78-8340-0d2988f63fd6","TradeIQ220320Strategy_LongOnly","BTC-USDT","Bybit Perpetual","long","47391.88","45926.23","0.22835339286602885","4.261901406869059","10822.096592299695","-338.9480516609629","-3.1319998742400474","72000.0","1629086400000.0","1629158400000.0"
"9678235d-18f7-4238-8297-ec05693e1f90","TradeIQ220320Strategy_LongOnly","BTC-USDT","Bybit Perpetual","long","45789.99","48549.78","0.22930985447303612","4.32660778594394","10500.095943221779","628.5204354901966","5.985854213988693","259200.0","1629388800000.0","1629648000000.0"
"13e23d71-b073-4560-af3f-8089a5f36117","TradeIQ220320Strategy_LongOnly","BTC-USDT","Bybit Perpetual","long","50306.81","48370.25","0.22059022142205925","4.353438902935565","11097.190356937464","-431.53963810003813","-3.888728806298785","129600.0","1629691200000.0","1629820800000.0"
"bf3edf94-58f0-4996-bbd3-7c58be5a2b09","TradeIQ220320Strategy_LongOnly","BTC-USDT","Bybit Perpetual","long","48292.5","48188.0","0.2213020179270576","4.270265868122296","10687.227700742429","-27.396326741499813","-0.25634643060516643","144000.0","1630094400000.0","1630238400000.0"
"d412ce1a-b299-4f07-aef8-3861f7fc28a2","TradeIQ220320Strategy_LongOnly","BTC-USDT","Bybit Perpetual","long","48808.94","47989.05","0.21842722235594553","4.228663217067719","10661.201190338004","-183.31495855448378","-1.719458767184863","28800.0","1630267200000.0","1630296000000.0"
"fcc5a61e-4fb1-4959-ac13-4b64a4d8824d","TradeIQ220320Strategy_LongOnly","BTC-USDT","Bybit Perpetual","long","48200.44","49509.88","0.2175717063933699","4.251800210928444","10487.051979711243","280.6452950088048","2.6761123674389595","115200.0","1630526400000.0","1630641600000.0"
"3dfc3abe-f8e8-46c0-b8b3-50063a0cf372","TradeIQ220320Strategy_LongOnly","BTC-USDT","Bybit Perpetual","long","50203.77","50989.36","0.2142003481007424","4.335120734280736","10753.665009969607","163.9385307301823","1.5244898420975235","345600.0","1630670400000.0","1631016000000.0"
"63b027c3-4505-4495-b67f-b444da705ab0","TradeIQ220320Strategy_LongOnly","BTC-USDT","Bybit Perpetual","long","46747.45","47745.55","0.2333690204313451","4.410347769523819","10909.406614163283","228.5152715230031","2.094662703527157","201600.0","1631635200000.0","1631836800000.0"
"8d23c23d-fea9-46b0-9ee4-cba25dba93cb","TradeIQ220320Strategy_LongOnly","BTC-USDT","Bybit Perpetual","long","48621.6","47344.16","0.22883854340684254","4.392132947066127","11126.496122110135","-296.7196418367019","-2.6667842111324904","100800.0","1631952000000.0","1632052800000.0"
"40c887cf-8353-4ea5-929e-6e8f1126bb73","TradeIQ220320Strategy_LongOnly","BTC-USDT","Bybit Perpetual","long","47482.27","48187.3","0.22839288143480233","4.370049751585704","10844.61246236527","156.65378344639439","1.4445309501841554","216000.0","1633089600000.0","1633305600000.0"
"e37ac083-f397-4c7f-8a59-ca0f6f3477db","TradeIQ220320Strategy_LongOnly","BTC-USDT","Bybit Perpetual","long","49374.94","55014.04","0.22265208943320927","4.648484902160299","10993.433556639342","1250.9089126206497","11.37869170878992","158400.0","1633377600000.0","1633536000000.0"
"981675c1-f4c9-49a4-9ad4-881f855512f0","TradeIQ220320Strategy_LongOnly","BTC-USDT","Bybit Perpetual","long","55014.04","54851.88","0.22143069339443094","4.865537369203416","12181.79702362896","-40.77273861004511","-0.3347021669377553","144000.0","1633536000000.0","1633680000000.0"
"73f3ea0e-460e-4489-803a-d08ff9767a1e","TradeIQ220320Strategy_LongOnly","BTC-USDT","Bybit Perpetual","long","55699.0","56352.17","0.2180122250300619","4.885704977784345","12143.062921949419","137.51334004510082","1.1324436094005246","201600.0","1633852800000.0","1634054400000.0"
"5b653260-1791-44cf-a712-6a241a17b236","TradeIQ220320Strategy_LongOnly","BTC-USDT","Bybit Perpetual","long","57260.95","60988.969999999994","0.21434678598577675","5.069298059015044","12273.700594992262","794.0198070316796","6.4692779564432605","244800.0","1634155200000.0","1634400000000.0"
"a25cbc23-1e47-4d1e-be34-7cf13cdf63cc","TradeIQ220320Strategy_LongOnly","BTC-USDT","Bybit Perpetual","long","61929.369999999995","64891.94000000001","0.21036899635298018","5.335854340174034","13028.01941167236","617.8970231852775","4.74283161285189","273600.0","1634544000000.0","1634817600000.0"
"3706ee88-e51c-4624-985b-bf644ff00f07","TradeIQ220320Strategy_LongOnly","BTC-USDT","Bybit Perpetual","long","62129.81","62555.13","0.2191383103167122","5.464649414708128","13615.021583698368","87.73925672919583","0.6444298026985752","129600.0","1635134400000.0","1635264000000.0"
"89a45ade-a41d-4297-a0b0-426306b0293d","TradeIQ220320Strategy_LongOnly","BTC-USDT","Bybit Perpetual","long","61186.92","61347.52","0.223877486848351","5.486540495914011","13698.373877591104","30.46818389193083","0.22242190324337055","14400.0","1635436800000.0","1635451200000.0"
"6ce74cef-6881-4550-82ef-aecbf9df7734","TradeIQ220320Strategy_LongOnly","BTC-USDT","Bybit Perpetual","long","61687.75","60610.32","0.2225290864440418","5.442975558193895","13727.318652288439","-245.2024891655979","-1.7862373226450963","14400.0","1635480000000.0","1635494400000.0"
"a7d16dda-790d-48a1-817d-e36700f0c403","TradeIQ220320Strategy_LongOnly","BTC-USDT","Bybit Perpetual","long","62346.25","60523.94000000001","0.216442469075223","5.318865459868356","13494.37628758112","-399.7441412803359","-2.96230172303866","158400.0","1635523200000.0","1635681600000.0"
"5c2faf10-8955-4b69-8601-30f1066cf889","TradeIQ220320Strategy_LongOnly","BTC-USDT","Bybit Perpetual","long","61348.61","59934.99","0.2137720700332868","5.185409246617828","13114.619353364798","-307.37788288707327","-2.3437804377311933","14400.0","1635724800000.0","1635739200000.0"
"3022efaf-1c98-43d3-94c5-82d490c9278f","TradeIQ220320Strategy_LongOnly","BTC-USDT","Bybit Perpetual","long","62989.67","62859.51","0.20356687635642604","5.12374489292352","12822.610364622078","-31.62000951947516","-0.2465957291092273","115200.0","1635854400000.0","1635969600000.0"
"3a27663b-d593-4f25-92ac-442414c2fb03","TradeIQ220320Strategy_LongOnly","BTC-USDT","Bybit Perpetual","long","62304.66","67606.96","0.20532286598752927","5.3347652286965666","12792.571355578577","1083.3486670969805","8.468576308738388","100800.0","1636315200000.0","1636416000000.0"
"36a887d3-3ae2-4028-a84f-2fdc2a4264c8","TradeIQ220320Strategy_LongOnly","BTC-USDT","Bybit Perpetual","long","67606.96","66862.56","0.204442746565157","5.498263599619663","13821.75258932071","-157.68544414272432","-1.1408498533287232","72000.0","1636416000000.0","1636488000000.0"
"9f276c6d-a101-4a74-b7ab-c018267ef9e9","TradeIQ220320Strategy_LongOnly","BTC-USDT","Bybit Perpetual","long","68398.96","64920.13","0.1998853698562832","5.329707122710621","13671.95141738512","-700.6969283398461","-5.12506888701233","28800.0","1636560000000.0","1636588800000.0"
"22de8590-b53d-4997-bcfc-0a5c8a3d37a0","TradeIQ220320Strategy_LongOnly","BTC-USDT","Bybit Perpetual","long","65568.39","64348.94999999999","0.19836218847926979","5.154137576761075","13006.289335462268","-247.04492469592373","-1.8994266414045087","57600.0","1636934400000.0","1636992000000.0"
"b1616fb2-6094-43e6-948d-630fdcf3ce7b","TradeIQ220320Strategy_LongOnly","BTC-USDT","Bybit Perpetual","long","51449.29","51207.92","0.24823659679270874","5.096655289326886","12771.596657001142","-65.01352265718364","-0.5090477283554401","14400.0","1640620800000.0","1640635200000.0"
"eb69436e-21ff-440b-8e7a-626e32370666","TradeIQ220320Strategy_LongOnly","BTC-USDT","Bybit Perpetual","long","40701.71","44243.0","0.31226780915290336","5.305099698165744","12709.833810476817","1100.5257701769197","8.658852559265942","259200.0","1644004800000.0","1644264000000.0"
"361458a5-cf66-41f0-9ba3-b610b88e4ad8","TradeIQ220320Strategy_LongOnly","BTC-USDT","Bybit Perpetual","long","44243.0","43978.64","0.31090417223391026","5.485695191463606","13755.333292144891","-87.6763221632203","-0.637398747824516","57600.0","1644264000000.0","1644321600000.0"
"a2e26d01-c798-4a85-9f5e-26590b669371","TradeIQ220320Strategy_LongOnly","BTC-USDT","Bybit Perpetual","long","44455.07","43310.87","0.307547390794567","5.398437169526504","13672.040786089832","-357.2941617166692","-2.6133198935464437","115200.0","1644436800000.0","1644552000000.0"
"6ecfb766-d88d-4fb9-b562-d71efa2fc6dc","TradeIQ220320Strategy_LongOnly","BTC-USDT","Bybit Perpetual","long","42565.0","42102.29","0.3132294451417596","5.30405765367129","13332.611332458997","-150.2384542152146","-1.1268494255843984","14400.0","1644854400000.0","1644868800000.0"
"d9f9e6a8-03f8-4e6d-8ccd-0fec0734c2e3","TradeIQ220320Strategy_LongOnly","BTC-USDT","Bybit Perpetual","long","42525.14","43588.5","0.31016675785087466","5.341917705107479","13189.884800954544","324.47700592319876","2.4600442749865152","144000.0","1644883200000.0","1645027200000.0"
"998f3bdc-b0b9-4018-b54d-da2bc0f3ae85","TradeIQ220320Strategy_LongOnly","BTC-USDT","Bybit Perpetual","long","40792.8","42549.5","0.3308951078764287","5.5155118698339365","13498.13795658158","575.7679241366873","4.2655359279088385","259200.0","1646064000000.0","1646323200000.0"
"7aee9c83-afa7-4a81-8049-db54ce06f478","TradeIQ220320Strategy_LongOnly","BTC-USDT","Bybit Perpetual","long","41198.5","39219.9","0.3409133217110194","5.483140774137089","14045.117484511433","-680.0142391115595","-4.84164151607461","100800.0","1646798400000.0","1646899200000.0"
"f60a8081-fbd5-4e12-88cd-260fe1a80fde","TradeIQ220320Strategy_LongOnly","BTC-USDT","Bybit Perpetual","long","40492.8","40380.7","0.33090089984776183","5.352222784767593","13399.103957355452","-42.446213657703616","-0.31678397147148574","172800.0","1647432000000.0","1647604800000.0"
"0da37abc-0f71-44d6-a0be-07ba91a7284e","TradeIQ220320Strategy_LongOnly","BTC-USDT","Bybit Perpetual","long","42020.3","41364.5","0.3179125340461785","5.301814613786757","13358.780054380633","-213.78885444127152","-1.600362110694124","172800.0","1647633600000.0","1647806400000.0"
"81e81956-7db3-4555-9585-c1a34f40fa4c","TradeIQ220320Strategy_LongOnly","BTC-USDT","Bybit Perpetual","long","42230.0","44193.6","0.31152452386126983","5.384614168075368","13155.680642661426","606.3249408859136","4.608845086431444","388800.0","1647921600000.0","1648310400000.0"
"e64ccc27-9857-4d31-9af5-6490ef7eb793","TradeIQ220320Strategy_LongOnly","BTC-USDT","Bybit Perpetual","long","44813.6","47923.0","0.30641790296925586","5.683230900099739","13731.689336503045","947.092596592505","6.897130960244215","86400.0","1648411200000.0","1648497600000.0"
"68a011d5-61b1-41bf-b96a-edc80d852fd1","TradeIQ220320Strategy_LongOnly","BTC-USDT","Bybit Perpetual","long","47923.0","47408.1","0.30531117215670817","5.821129976797673","14631.427303265926","-163.02585252028715","-1.1142170147945691","115200.0","1648497600000.0","1648612800000.0"
"8403cb83-71c9-455f-acd3-93538e8aece9","TradeIQ220320Strategy_LongOnly","BTC-USDT","Bybit Perpetual","long","46523.5","45794.6","0.3111664587438962","5.7452592509929765","14476.552743371654","-232.55449102941938","-1.6064217438498858","115200.0","1648828800000.0","1648944000000.0"
"8f3a465f-33c3-43f5-b6fb-28168302488b","TradeIQ220320Strategy_LongOnly","BTC-USDT","Bybit Perpetual","long","46363.7","45990.2","0.3074738637531885","5.67928209313512","14255.625976893705","-120.52077020495103","-0.8454260121603756","72000.0","1648972800000.0","1649044800000.0"
"c3471544-8905-460b-b9c2-dbc59420a317","TradeIQ220320Strategy_LongOnly","BTC-USDT","Bybit Perpetual","long","42418.0","41209.9","0.3333757189211892","5.5759022568738645","14141.131245199005","-408.3271082855621","-2.8875137441652092","28800.0","1650542400000.0","1650571200000.0"
"76db45be-c794-4bed-8b30-a0b6db880a61","TradeIQ220320Strategy_LongOnly","BTC-USDT","Bybit Perpetual","long","22243.4","21614.8","0.6183056768447144","5.423554807238171","13753.22049232772","-394.090503271827","-2.8654416141417327","43200.0","1658131200000.0","1658174400000.0"
"ce9b3595-c69a-4edb-851a-c2486dc6b0fa","TradeIQ220320Strategy_LongOnly","BTC-USDT","Bybit Perpetual","long","21897.9","21761.0","0.6109642711958446","5.334805603942453","13378.834514219487","-88.97581433065447","-0.6650490686321586","14400.0","1658203200000.0","1658217600000.0"
"6179219c-3e55-4fab-95f3-27a24ad70731","TradeIQ220320Strategy_LongOnly","BTC-USDT","Bybit Perpetual","long","23116.2","23221.5","0.5751078244090881","5.3298347670242014","13294.307490605364","55.22901914325236","0.41543359202636787","115200.0","1658246400000.0","1658361600000.0"
"a6ca9e37-4dca-44be-921d-789ada8b20c5","TradeIQ220320Strategy_LongOnly","BTC-USDT","Bybit Perpetual","long","23600.8","22226.3","0.5655221458082546","5.183247985633892","13346.775058791454","-782.4934373990798","-5.862790329141385","86400.0","1658491200000.0","1658577600000.0"
"43867a8d-04af-460e-8ad4-41a6f0bc7340","TradeIQ220320Strategy_LongOnly","BTC-USDT","Bybit Perpetual","long","22763.8","23869.8","0.5536600344961004","5.163832116935469","12603.40629326233","607.1841660357514","4.817619553853047","216000.0","1658952000000.0","1659168000000.0"
"cbdab9d8-1f89-433c-9433-1ee470bdbdf3","TradeIQ220320Strategy_LongOnly","BTC-USDT","Bybit Perpetual","long","24522.8","23629.9","0.5374684477709027","5.17611138499559","13180.231250996294","-485.0816883996335","-3.6803731221556992","28800.0","1659196800000.0","1659225600000.0"
"f90c7e60-d273-4b77-b369-55cb818a7410","TradeIQ220320Strategy_LongOnly","BTC-USDT","Bybit Perpetual","long","23390.9","22801.5","0.5437757267576981","5.023661176136459","12719.403647016643","-325.5250745271245","-2.5592793778777274","43200.0","1659528000000.0","1659571200000.0"
"22f52d2d-d47e-448e-9d2d-c6dcbdbbbf8a","TradeIQ220320Strategy_LongOnly","BTC-USDT","Bybit Perpetual","long","23176.9","22979.1","0.5354536122697976","4.9428793855849555","12410.154826215872","-110.85560389255248","-0.8932652770646761","28800.0","1659686400000.0","1659715200000.0"
"7370d9d6-d7a3-4c84-b74d-26a4b02f1e51","TradeIQ220320Strategy_LongOnly","BTC-USDT","Bybit Perpetual","long","23298.1","22943.3","0.528147874827473","4.884459427809423","12304.84200251795","-192.27132541659648","-1.5625663895339075","86400.0","1659744000000.0","1659830400000.0"
"0b5b6579-b723-4054-9851-9ea619b6535a","TradeIQ220320Strategy_LongOnly","BTC-USDT","Bybit Perpetual","long","23167.8","23257.8","0.5232341544459198","4.8582919121289","12122.184243372181","42.232781988003886","0.34839251029446044","129600.0","1659916800000.0","1660046400000.0"
"461bc66f-5aa0-4a66-91fd-7c2ba69b9123","TradeIQ220320Strategy_LongOnly","BTC-USDT","Bybit Perpetual","long","23983.6","23663.2","0.5071092490810715","4.832426593823199","12162.305386260785","-167.31022999939736","-1.375645691222326","158400.0","1660147200000.0","1660305600000.0"
"867152aa-f692-4589-8571-8faa34a41fdc","TradeIQ220320Strategy_LongOnly","BTC-USDT","Bybit Perpetual","long","24566.1","24010.8","0.4886148256239841","4.747078704570743","12003.360667761355","-276.0748913735688","-2.299979972400989","172800.0","1660377600000.0","1660550400000.0"
"05e916e0-78ff-42c9-afe8-611b3a11f824","TradeIQ220320Strategy_LongOnly","BTC-USDT","Bybit Perpetual","long","21258.5","21820.3","0.5523009394339424","4.758492341937384","11741.089520956466","305.5241754320511","2.6021790813086496","201600.0","1662739200000.0","1662940800000.0"
"de5514aa-5243-482d-a0b5-eb6276570b41","TradeIQ220320Strategy_LongOnly","BTC-USDT","Bybit Perpetual","long","21649.2","20823.9","0.5557405117795076","4.720804466172441","12031.337487616916","-463.37344883779963","-3.851387672523692","129600.0","1662955200000.0","1663084800000.0"
"a2e26d2a-3bc6-45e1-88f0-a1cf86087302","TradeIQ220320Strategy_LongOnly","BTC-USDT","Bybit Perpetual","long","20174.2","19885.3","0.5745522851573299","4.603255453452012","11591.132711221006","-170.59141063540548","-1.471740639034021","28800.0","1664265600000.0","1664294400000.0"
"c646a2da-fab9-44b6-bc50-9d6111dde563","TradeIQ220320Strategy_LongOnly","BTC-USDT","Bybit Perpetual","long","19957.0","19954.0","0.5726848159100751","4.571284737557402","11429.07087111737","-6.289339185287627","-0.05502931302299944","230400.0","1664870400000.0","1665100800000.0"
"0b425ead-4672-43a0-8f82-3ff65e961257","TradeIQ220320Strategy_LongOnly","BTC-USDT","Bybit Perpetual","long","19806.3","19633.2","0.5767405319969579","4.5492716423388035","11423.095998891346","-104.38305773101138","-0.9137895518092656","14400.0","1665720000000.0","1665734400000.0"
"0a9ca267-b05c-473b-b5f1-b618c1e53ca7","TradeIQ220320Strategy_LongOnly","BTC-USDT","Bybit Perpetual","long","19655.8","19555.8","0.5761114833304616","4.518050607952146","11323.932094046886","-62.12919894099831","-0.5486539342077148","14400.0","1666080000000.0","1666094400000.0"
"f68b80dd-a663-4464-91dd-81960c8d7c18","TradeIQ220320Strategy_LongOnly","BTC-USDT","Bybit Perpetual","long","19560.7","19384.0","0.5758950014597094","4.485611612669589","11264.909355052938","-106.24625837060066","-0.9431612365610674","14400.0","1666569600000.0","1666584000000.0"
"9a8ef74d-d847-4f27-8917-442f96425526","TradeIQ220320Strategy_LongOnly","BTC-USDT","Bybit Perpetual","long","19740.3","20285.5","0.5655423377355394","4.527256900347031","11163.97540960087","303.80642563306947","2.7213104157484977","201600.0","1666713600000.0","1666915200000.0"
"6fde6127-170a-4a73-ad77-f7aaafcd22f1","TradeIQ220320Strategy_LongOnly","BTC-USDT","Bybit Perpetual","long","20745.2","20390.4","0.552059826559989","4.541862440288217","11452.591513952284","-200.4126889037719","-1.7499330929564394","216000.0","1667016000000.0","1667232000000.0"
"58bf58ff-b1e3-43fc-b659-a1f4dd9b79b3","TradeIQ220320Strategy_LongOnly","BTC-USDT","Bybit Perpetual","long","20603.3","20907.6","0.546621146102503","4.538147146749278","11262.1994594937","161.79866761224199","1.4366524780010932","244800.0","1667548800000.0","1667793600000.0"
"28d41117-465c-4b83-95c2-c6005dc30c57","TradeIQ220320Strategy_LongOnly","BTC-USDT","Bybit Perpetual","long","17436.8","17424.0","0.6547020206531778","4.5646872403172605","11415.90819372533","-12.94487310467746","-0.11339328317121991","187200.0","1670932800000.0","1671120000000.0"
"21348d6a-edfb-47d5-be00-b8a082769658","TradeIQ220320Strategy_LongOnly","BTC-USDT","Bybit Perpetual","long","16932.6","17424.1","0.6734707348118948","4.627646398942365","11403.610564275888","326.38321976110393","2.8621042249861217","345600.0","1673035200000.0","1673380800000.0"
"e2f00ffd-1a0b-4169-89b0-f508e714986f","TradeIQ220320Strategy_LongOnly","BTC-USDT","Bybit Perpetual","long","17424.1","17325.3","0.6722685603875631","4.672185822466317","11713.674623048937","-71.09231958875706","-0.6069173156719675","72000.0","1673380800000.0","1673452800000.0"
"347da42a-30e3-4c05-8ef3-0711ae87ad4d","TradeIQ220320Strategy_LongOnly","BTC-USDT","Bybit Perpetual","long","17540.6","18217.2","0.6639531669064695","4.748300910321632","11646.13691943962","444.48241181859714","3.81656522581897","28800.0","1673467200000.0","1673496000000.0"
"0b680049-6ee3-4712-95e5-f383d3279d95","TradeIQ220320Strategy_LongOnly","BTC-USDT","Bybit Perpetual","long","18217.2","19252.5","0.6624725649752589","4.9645296535706915","12068.395210667286","680.8933168653143","5.64195408734602","129600.0","1673496000000.0","1673625600000.0"
"c35f7916-bedf-49ee-9c28-70233e103a20","TradeIQ220320Strategy_LongOnly","BTC-USDT","Bybit Perpetual","long","19252.5","20996.3","0.6604463764025106","5.316434822909873","12715.243861689334","1146.3699563477876","9.015713491754314","43200.0","1673625600000.0","1673668800000.0"
"f9ddaf83-2e31-49d6-96fe-83b040eaa703","TradeIQ220320Strategy_LongOnly","BTC-USDT","Bybit Perpetual","long","20996.3","20736.5","0.6574632349613854","5.487556338399301","13804.295320219735","-176.29650478136676","-1.277113396169798","86400.0","1673668800000.0","1673755200000.0"
"47729932-d7b3-41df-ac40-593f24fac54f","TradeIQ220320Strategy_LongOnly","BTC-USDT","Bybit Perpetual","long","21084.3","21000.6","0.6467757355320042","5.4438984304581695","13636.813640677436","-59.57902749448739","-0.4368984505058301","43200.0","1673841600000.0","1673884800000.0"
"1fe4a44e-b87c-4be9-bfa3-6863972d08eb","TradeIQ220320Strategy_LongOnly","BTC-USDT","Bybit Perpetual","long","21188.3","21035.5","0.6409298322450444","5.412498610149662","13580.213564557675","-103.34657697719197","-0.7610084810956955","144000.0","1673913600000.0","1674057600000.0"
"d9a2eaf4-2894-4278-9348-179cc7e81612","TradeIQ220320Strategy_LongOnly","BTC-USDT","Bybit Perpetual","long","21139.7","22631.5","0.637759018170993","5.583095507233233","13482.03431642934","945.8258078002536","7.015453199430452","57600.0","1674230400000.0","1674288000000.0"
"89bab828-652a-496e-83bb-dadb165a38eb","TradeIQ220320Strategy_LongOnly","BTC-USDT","Bybit Perpetual","long","22631.5","22704.6","0.6354226999465162","5.761517413409051","14380.568833839583","40.68788195268036","0.28293652652276047","144000.0","1674288000000.0","1674432000000.0"
"52703f47-096b-4af2-80d0-ef17c72757da","TradeIQ220320Strategy_LongOnly","BTC-USDT","Bybit Perpetual","long","23060.6","23075.2","0.6252752452969406","5.769514732394118","14419.222321694626","3.3595038489425786","0.023298786675117658","388800.0","1674691200000.0","1675080000000.0"
"d5366c9e-6820-420b-8902-4de3e188a73f","TradeIQ220320Strategy_LongOnly","BTC-USDT","Bybit Perpetual","long","23119.4","22975.7","0.6238230166159642","5.751036866642907","14422.413850351124","-95.3944043543574","-0.6614316115470155","57600.0","1675209600000.0","1675267200000.0"
"db4090cc-bf4f-4532-ba39-b3786fe5e8e2","TradeIQ220320Strategy_LongOnly","BTC-USDT","Bybit Perpetual","long","23379.9","23532.9","0.6129961704803905","5.7514733493024925","14331.789166214481","88.03694073419726","0.6142773921188713","144000.0","1675281600000.0","1675425600000.0"
"0b9f6b0d-f851-48ce-a0f1-acf52a7541a4","TradeIQ220320Strategy_LongOnly","BTC-USDT","Bybit Perpetual","long","23234.1","22862.4","0.6204425503855097","5.720046004769129","14415.42425991197","-236.33854198306128","-1.6394837760016403","57600.0","1675814400000.0","1675872000000.0"
"e55f191c-766c-43fa-9f96-2a45d20b493a","TradeIQ220320Strategy_LongOnly","BTC-USDT","Bybit Perpetual","long","22196.7","24332.6","0.6393248836551406","5.949467861811027","14190.90264502806","1359.5845511372024","9.580677037577647","100800.0","1676404800000.0","1676505600000.0"
"fc9099de-52d8-4605-98b8-45cc48c4f100","TradeIQ220320Strategy_LongOnly","BTC-USDT","Bybit Perpetual","long","24332.6","23526.6","0.6362866265260761","6.090433783247356","15482.5079686084","-518.9374547632648","-3.3517661080196945","86400.0","1676505600000.0","1676592000000.0"
"cf7422d0-376a-4a10-91c8-25f05ccab9c3","TradeIQ220320Strategy_LongOnly","BTC-USDT","Bybit Perpetual","long","24581.5","24414.9","0.6097885558889125","5.975488799951102","14989.517386583302","-107.56626221104304","-0.7176099098915792","187200.0","1676678400000.0","1676865600000.0"
"61140fdf-d4f3-4bbb-a2a9-89f3f3ef020c","TradeIQ220320Strategy_LongOnly","BTC-USDT","Bybit Perpetual","long","24944.6","24198.8","0.5968157211373528","5.8659107420282774","14887.329437482811","-450.9710755662656","-3.029227488113657","129600.0","1676908800000.0","1677038400000.0"
"c4c8298d-32f1-4d18-9217-2b765d08bb20","TradeIQ220320Strategy_LongOnly","BTC-USDT","Bybit Perpetual","long","23709.6","23342.9","0.6098334394378166","5.738837581829574","14458.906915694857","-229.36475982367517","-1.5863215743833599","43200.0","1677657600000.0","1677700800000.0"
"af59f701-b733-4bd9-a49b-b4b5e6375c7e","TradeIQ220320Strategy_LongOnly","BTC-USDT","Bybit Perpetual","long","22451.6","22092.6","0.6342982412773418","5.650861543821234","14241.010393862367","-233.36393016238694","-1.6386753728019385","14400.0","1678694400000.0","1678708800000.0"
"5243251f-3015-43f5-8ed4-932e1f0f4084","TradeIQ220320Strategy_LongOnly","BTC-USDT","Bybit Perpetual","long","24009.0","24782.6","0.5839191411640675","5.698069833604143","14019.314660208096","446.0217777709176","3.1814806114373715","158400.0","1678723200000.0","1678881600000.0"
"469ac608-da91-450a-942a-8869320ac33c","TradeIQ220320Strategy_LongOnly","BTC-USDT","Bybit Perpetual","long","25769.9","27490.9","0.5604614433540862","5.970124968438663","14443.035349090467","958.5840190439437","6.63699835855009","360000.0","1679025600000.0","1679385600000.0"
"678d051b-1f4c-4e1a-894f-812a482918d5","TradeIQ220320Strategy_LongOnly","BTC-USDT","Bybit Perpetual","long","28111.3","26654.1","0.5461750316485617","5.982298815649228","15353.690167182212","-801.8685549339338","-5.2226438478476656","86400.0","1679428800000.0","1679515200000.0"
"669852a9-df69-4484-aec9-8a90f090c081","TradeIQ220320Strategy_LongOnly","BTC-USDT","Bybit Perpetual","long","28574.5","27179.5","0.5106621302208254","5.694291281666381","14591.915039994976","-718.0679629397177","-4.920998792629792","187200.0","1679587200000.0","1679774400000.0"
"b5f4399b-39a1-46a6-97b2-dd5db8126955","TradeIQ220320Strategy_LongOnly","BTC-USDT","Bybit Perpetual","long","27517.3","26887.3","0.5054911083282969","5.500208310431532","13909.750475202245","-323.95960655725855","-2.329010913134646","129600.0","1679803200000.0","1679932800000.0"
"b700280a-a957-4e34-b0c5-54c90fdd3921","TradeIQ220320Strategy_LongOnly","BTC-USDT","Bybit Perpetual","long","28347.5","27733.3","0.479830279529865","5.381853188051691","13601.98884897285","-300.09361087529516","-2.2062480289267157","158400.0","1680091200000.0","1680249600000.0"
"012b6e64-d986-477f-b2a4-217b7ed92e53","TradeIQ220320Strategy_LongOnly","BTC-USDT","Bybit Perpetual","long","28488.5","28110.2","0.46744826574376735","5.291392831670353","13316.899918641317","-182.1270717625372","-1.3676386612141715","172800.0","1680278400000.0","1680451200000.0"
"4d477993-e5cb-42bb-a631-7ad162ad2f34","TradeIQ220320Strategy_LongOnly","BTC-USDT","Bybit Perpetual","long","28274.6","28011.7","0.4648652571731131","5.2331090649646","13143.879200466903","-127.44618517577501","-0.9696238319905421","14400.0","1680609600000.0","1680624000000.0"
"d6d449bd-19f1-4598-9363-487354eede58","TradeIQ220320Strategy_LongOnly","BTC-USDT","Bybit Perpetual","long","28171.1","28014.9","0.46227535753129684","5.1946806476506895","13022.805324549916","-77.4020914940379","-0.5943580477865511","72000.0","1680638400000.0","1680710400000.0"
"f179907d-807b-43d1-b60a-f99d88159cbd","TradeIQ220320Strategy_LongOnly","BTC-USDT","Bybit Perpetual","long","28309.4","30105.8","0.4574195616166566","5.344051035149864","12949.273337630579","816.364449453011","6.304326336835107","100800.0","1681084800000.0","1681185600000.0"
"448496db-1072-40a5-840e-7f53e44e1174","TradeIQ220320Strategy_LongOnly","BTC-USDT","Bybit Perpetual","long","30105.8","29948.0","0.4558862267274392","5.475540056528859","13724.81956461094","-77.41438663411843","-0.564046662104974","129600.0","1681185600000.0","1681315200000.0"
"8bfe02e5-ffe3-4c35-943b-29f15ba044d0","TradeIQ220320Strategy_LongOnly","BTC-USDT","Bybit Perpetual","long","30422.5","30311.2","0.44872301412798177","5.450521784628922","13651.275897308526","-55.39339325707297","-0.4057744761278635","100800.0","1681401600000.0","1681502400000.0"
"7cbfc83a-33e9-4807-9970-271340418d2e","TradeIQ220320Strategy_LongOnly","BTC-USDT","Bybit Perpetual","long","30369.7","29299.9","0.4477703821148812","5.343655918528423","13598.652173714307","-484.368410705028","-3.5618854318613598","86400.0","1681819200000.0","1681905600000.0"
"11ccb55f-9e62-4f76-93ab-7f1083e8a063","TradeIQ220320Strategy_LongOnly","BTC-USDT","Bybit Perpetual","long","28286.7","27871.9","0.46447631514261223","5.21686791831358","13138.50218354453","-197.88164343946877","-1.506120261465633","72000.0","1682467200000.0","1682539200000.0"
"4efa6314-d564-49fe-97f3-49ede2fd9649","TradeIQ220320Strategy_LongOnly","BTC-USDT","Bybit Perpetual","long","29659.9","28545.599999999995","0.4366337925035834","5.0828976419134655","12950.514622277035","-491.6239326286593","-3.7961729473127233","288000.0","1682625600000.0","1682913600000.0"
"3bd56065-5aa6-4294-b2f6-de6410af2264","TradeIQ220320Strategy_LongOnly","BTC-USDT","Bybit Perpetual","long","29018.4","29347.400000000005","0.4301915986505049","5.021695361703128","12483.47188627981","136.51134059431453","1.0935366526066346","144000.0","1683158400000.0","1683302400000.0"
"bd238592-d532-42d8-91f9-69b7d4536b02","TradeIQ220320Strategy_LongOnly","BTC-USDT","Bybit Perpetual","long","29548.7","28557.899999999998","0.42685998571322614","4.960676489168829","12613.157659844406","-427.8935503338345","-3.392437975274726","72000.0","1683316800000.0","1683388800000.0"
"d8b012c0-d569-4d19-b42e-a875aa92b04d","TradeIQ220320Strategy_LongOnly","BTC-USDT","Bybit Perpetual","long","27518.4","27624.0","0.4435817048602849","4.892031960417555","12206.658787027265","41.950196072827886","0.3436664922379155","86400.0","1685304000000.0","1685390400000.0"
"fe8811c8-d8dd-4a33-8071-a0b821720e85","TradeIQ220320Strategy_LongOnly","BTC-USDT","Bybit Perpetual","long","27221.5","26897.0","0.44988378573173604","4.869407131624592","12246.511473296452","-150.85669560157294","-1.231834028249729","14400.0","1686096000000.0","1686110400000.0"
"761940b9-ceba-4bbb-935a-bddf8e32b8dd","TradeIQ220320Strategy_LongOnly","BTC-USDT","Bybit Perpetual","long","26641.6","26329.7","0.4542969496004354","4.812940001273908","12103.197612474958","-146.50815858164873","-1.2104913368566375","14400.0","1687118400000.0","1687132800000.0"
"57e72db5-47aa-4fde-97a3-f8b32c44b323","TradeIQ220320Strategy_LongOnly","BTC-USDT","Bybit Perpetual","long","26672.8","28290.6","0.4485473914183135","4.930737938696266","11964.014861822392","720.729231897851","6.024141897363604","100800.0","1687204800000.0","1687305600000.0"
"cb52bfed-f7e9-46d8-9b0a-65d04df56bbb","TradeIQ220320Strategy_LongOnly","BTC-USDT","Bybit Perpetual","long","28290.6","29837.3","0.447099306205077","5.197788752231618","12648.70763212535","686.3307081551612","5.426093543438459","144000.0","1687305600000.0","1687449600000.0"
"26a8a69e-cd28-4d84-8d2f-18a1cc5e0770","TradeIQ220320Strategy_LongOnly","BTC-USDT","Bybit Perpetual","long","31232.9","30285.0","0.4258561262282001","5.239554917538759","13300.721804872752","-408.9085769692503","-3.0743337314178367","216000.0","1687536000000.0","1687752000000.0"
"226662f2-ecda-4275-9c00-d893b947f4cf","TradeIQ220320Strategy_LongOnly","BTC-USDT","Bybit Perpetual","long","30660.6","30052.0","0.42113522425366645","5.11364288320463","12912.258656751965","-261.41654036398546","-2.024560902265444","100800.0","1688040000000.0","1688140800000.0"
"46906843-725f-42ec-863d-e3867dbfc437","TradeIQ220320Strategy_LongOnly","BTC-USDT","Bybit Perpetual","long","31068.0","30395.0","0.407619188341901","5.010699634611652","12663.91294340618","-279.338413388711","-2.205782799021501","158400.0","1688400000000.0","1688558400000.0"
"6266ec5c-7a80-4a29-a79d-89556c670dc2","TradeIQ220320Strategy_LongOnly","BTC-USDT","Bybit Perpetual","long","30833.0","30390.3","0.40211920509476545","4.923812945855671","12398.541450686904","-182.94198504130864","-1.4755121460772573","14400.0","1688644800000.0","1688659200000.0"
"c80e53bf-e813-4010-b39f-37cfb8c4405c","TradeIQ220320Strategy_LongOnly","BTC-USDT","Bybit Perpetual","long","30824.5","30268.1","0.3965918851854097","4.845765880975632","12224.746564897661","-225.50949079813816","-1.8446966536359113","172800.0","1689019200000.0","1689192000000.0"
"cc9ee93f-0ce4-4110-96a0-042324d2ed47","TradeIQ220320Strategy_LongOnly","BTC-USDT","Bybit Perpetual","long","30915.400000000005","30099.9","0.38849610707412585","4.740841304391983","12010.512548639432","-321.55941662334305","-2.677316353661941","100800.0","1689264000000.0","1689364800000.0"
"7c0a5085-2942-44c1-b3d0-abab99cdab20","TradeIQ220320Strategy_LongOnly","BTC-USDT","Bybit Perpetual","long","30274.0","29792.8","0.38663642408823595","4.64480255168465","11705.031102847255","-190.69424982294407","-1.6291648279051354","14400.0","1689854400000.0","1689868800000.0"
"d98ed6e0-7eb5-4d59-a2f2-8fc89e2d6631","TradeIQ220320Strategy_LongOnly","BTC-USDT","Bybit Perpetual","long","30083.1","29705.600000000002","0.38306795395140325","4.580626995682853","11523.87156551546","-149.1887796123362","-1.2946064069194876","28800.0","1690142400000.0","1690171200000.0"
"469d618e-5a4a-4c55-aaad-8c0ecc447ba8","TradeIQ220320Strategy_LongOnly","BTC-USDT","Bybit Perpetual","long","29701.2","29312.6","0.38322162824679606","4.523072905006154","11382.142224883739","-153.44299764171194","-1.348102972270488","57600.0","1690934400000.0","1690992000000.0"
"affcf3ba-fa24-4d07-8981-860b83285fc2","TradeIQ220320Strategy_LongOnly","BTC-USDT","Bybit Perpetual","long","29428.0","29404.2","0.3818258589480806","4.492731059761054","11236.371377124115","-13.580186502725093","-0.12085918173168164","115200.0","1691496000000.0","1691611200000.0"
"550eb69c-f222-46ad-a81a-530c7b5c4d4a","TradeIQ220320Strategy_LongOnly","BTC-USDT","Bybit Perpetual","long","29592.9","29353.799999999996","0.3792622622300121","4.471251758598771","11223.470199946525","-95.15285865779687","-0.8478024796488545","14400.0","1692028800000.0","1692043200000.0"
"a8993806-99e5-4234-aa48-9003a7b8bb88","TradeIQ220320Strategy_LongOnly","BTC-USDT","Bybit Perpetual","long","27820.0","27700.1","0.40018242215030975","4.443633619205483","11133.074984221617","-52.42550603502821","-0.4708987059669355","14400.0","1693339200000.0","1693353600000.0"
"5d2a03a2-ba6f-4edf-9aa5-ca55a7060790","TradeIQ220320Strategy_LongOnly","BTC-USDT","Bybit Perpetual","long","26679.9","26510.300000000003","0.41541650281629017","4.419217373619808","11083.270753488341","-74.87385625126201","-0.6755574046379429","28800.0","1694707200000.0","1694736000000.0"
"b5685710-52d5-4c2b-a952-9e5c454f240e","TradeIQ220320Strategy_LongOnly","BTC-USDT","Bybit Perpetual","long","27184.7","26916.6","0.4050859707868632","4.383135526266265","11012.140590049641","-112.98668429422517","-1.0260192681913067","201600.0","1695038400000.0","1695240000000.0"
"197bdd7f-fe64-4ef4-b4e6-dbf213c44261","TradeIQ220320Strategy_LongOnly","BTC-USDT","Bybit Perpetual","long","26755.8","26293.4","0.40756782604034","4.324229423435841","10904.803239970128","-192.78359218448816","-1.767877768558585","14400.0","1695816000000.0","1695830400000.0"
"f8299794-12fe-4807-9587-c9295f46947b","TradeIQ220320Strategy_LongOnly","BTC-USDT","Bybit Perpetual","long","27012.3","28114.799999999996","0.39691765704493376","4.376183874336354","10721.658827394864","433.2255330177017","4.040657700380924","302400.0","1695916800000.0","1696219200000.0"
"3de41fff-c020-4e79-86d3-b46b2770931b","TradeIQ220320Strategy_LongOnly","BTC-USDT","Bybit Perpetual","long","28299.1","27477.6","0.39341262032226043","4.388651539985725","11133.223083761679","-327.5771191347227","-2.94233859027319","57600.0","1696233600000.0","1696291200000.0"
"54803cba-fa5d-4332-b080-6a83f9e81ca1","TradeIQ220320Strategy_LongOnly","BTC-USDT","Bybit Perpetual","long","27540.0","27926.5","0.3929566020546003","4.359185473572298","10822.024820583692","147.51854122053072","1.3631325344952796","86400.0","1696521600000.0","1696608000000.0"
"e585a71e-a2cf-492a-81af-1904c4dce4d8","TradeIQ220320Strategy_LongOnly","BTC-USDT","Bybit Perpetual","long","27916.3","27455.9","0.39267981196445084","4.348709016811593","10962.167434743198","-185.1384944452439","-1.688885848052922","216000.0","1696636800000.0","1696852800000.0"
"2d3c6c3c-202d-4085-9dab-a3ecc4651a6a","TradeIQ220320Strategy_LongOnly","BTC-USDT","Bybit Perpetual","long","27139.8","28327.3","0.3974342428838906","4.40890497869301","10786.285865020214","467.54425844592714","4.3346177201011065","216000.0","1697414400000.0","1697630400000.0"
"67050859-6811-44b5-bdf5-36635591c609","TradeIQ220320Strategy_LongOnly","BTC-USDT","Bybit Perpetual","long","29829.899999999998","33074.0","0.37648308946874925","4.736450922326652","11230.452910543843","1216.6123396232435","10.833154720599138","302400.0","1697803200000.0","1698105600000.0"
"e23ad631-1bda-4756-a94a-ee2b7669b7b1","TradeIQ220320Strategy_LongOnly","BTC-USDT","Bybit Perpetual","long","33074.0","34104.2","0.374500654084354","5.03165596804191","12386.234633185924","380.7789178696585","3.0742104372014185","216000.0","1698105600000.0","1698321600000.0"
"b85353d2-6c6f-4890-b755-0b3797ae9124","TradeIQ220320Strategy_LongOnly","BTC-USDT","Bybit Perpetual","long","34272.6","34151.9","0.37195819999539287","5.0902107711169515","12747.9746051621","-49.98556551055979","-0.3921059388549369","158400.0","1698580800000.0","1698739200000.0"
"5885e82b-0ad7-4e44-bb81-dc0df2658932","TradeIQ220320Strategy_LongOnly","BTC-USDT","Bybit Perpetual","long","34296.9","34998.2","0.37031009560418193","5.13213502118027","12700.488317927067","254.5663350260309","2.0043822619536917","100800.0","1698854400000.0","1698955200000.0"
"5abe813c-64f3-40bb-9672-3212121bd63c","TradeIQ220320Strategy_LongOnly","BTC-USDT","Bybit Perpetual","long","35292.1","34633.3","0.3667202103644101","5.128611479563105","12942.326336201797","-246.7238860676349","-1.906333372057757","201600.0","1699156800000.0","1699358400000.0"
"3d32c86f-a8ac-435c-8dac-ad021cfc0bdd","TradeIQ220320Strategy_LongOnly","BTC-USDT","Bybit Perpetual","long","35473.4","36399.5","0.35823852927651545","5.149528398167614","12707.938644437543","326.61517356481284","2.570166434567869","172800.0","1699387200000.0","1699560000000.0"
"1ec0090a-0703-4bde-a1f0-3b464b5c0e05","TradeIQ220320Strategy_LongOnly","BTC-USDT","Bybit Perpetual","long","37527.4","36423.1","0.34689914727170323","5.130673078063218","13018.223059324117","-388.2114014102061","-2.982061373822868","72000.0","1700078400000.0","1700150400000.0"
"d11fac4f-b814-4d28-b715-8f6cc835a995","TradeIQ220320Strategy_LongOnly","BTC-USDT","Bybit Perpetual","long","36621.9","36384.9","0.34540595184805867","5.04339664907617","12649.42222798442","-86.90460723706607","-0.6870243215125376","14400.0","1700265600000.0","1700280000000.0"
"e43d6ad7-1ba2-4628-9dfd-75b030768879","TradeIQ220320Strategy_LongOnly","BTC-USDT","Bybit Perpetual","long","36671.9","36459.1","0.34268371290031896","5.012160521622645","12566.862851109207","-77.93525462681151","-0.6201647583026866","72000.0","1700323200000.0","1700395200000.0"
"e4236478-669d-4c65-a07f-406df14ad9f5","TradeIQ220320Strategy_LongOnly","BTC-USDT","Bybit Perpetual","long","37584.5","36975.9","0.3323929907066407","4.9566708688566825","12492.824359213737","-207.25104501291773","-1.6589606885817252","72000.0","1700510400000.0","1700582400000.0"
"12c1d17c-8f85-4221-ae61-c08dc5b15cb1","TradeIQ220320Strategy_LongOnly","BTC-USDT","Bybit Perpetual","long","37297.0","37418.0","0.32967627065049376","4.926352512330329","12295.935866451466","34.96447623637941","0.2843579912593506","331200.0","1700683200000.0","1701014400000.0"
"6b83e6cd-f8e0-449a-8ff2-acb11bcc2b57","TradeIQ220320Strategy_LongOnly","BTC-USDT","Bybit Perpetual","long","37502.2","37614.0","0.3287581026946693","4.939011878726664","12329.152118876027","31.816144002538326","0.2580562207017266","172800.0","1701187200000.0","1701360000000.0"
"8fddc7d6-3ae5-4993-a7f0-a760d5b1630c","TradeIQ220320Strategy_LongOnly","BTC-USDT","Bybit Perpetual","long","38578.0","40720.7","0.320373722216767","5.081043937190149","12359.377455678437","681.3837306566755","5.513091036341948","230400.0","1701432000000.0","1701662400000.0"
"2950b7d2-4e36-4f48-b178-10873658e427","TradeIQ220320Strategy_LongOnly","BTC-USDT","Bybit Perpetual","long","40720.7","43834.0","0.319412289076619","5.40156205583736","13006.691999802279","989.0247175264014","7.603968153789112","144000.0","1701662400000.0","1701806400000.0"
"867998a0-4afc-495d-98bd-018efb1f1aba","TradeIQ220320Strategy_LongOnly","BTC-USDT","Bybit Perpetual","long","43834.0","43206.4","0.3181609134793165","5.538570634721021","13946.265481452361","-205.2163599343396","-1.4714789432860302","144000.0","1701806400000.0","1701950400000.0"
"7ca9f082-ff38-49c8-90f6-f3ed6b0d91e0","TradeIQ220320Strategy_LongOnly","BTC-USDT","Bybit Perpetual","long","44209.5","42312.8","0.3110487551208392","5.382530741038357","13751.30993951474","-595.3487045787332","-4.329396306223769","187200.0","1702080000000.0","1702267200000.0"
"d8bcaad3-0afe-42db-9059-54dc63726343","TradeIQ220320Strategy_LongOnly","BTC-USDT","Bybit Perpetual","long","42746.8","41930.3","0.30846118704008124","5.223919756222333","13185.728670164946","-257.0824789744487","-1.9497024806535226","158400.0","1702497600000.0","1702656000000.0"
"a85fd3ee-6d30-447d-84a3-d65a4d406335","TradeIQ220320Strategy_LongOnly","BTC-USDT","Bybit Perpetual","long","42631.7","42367.9","0.30356519479962607","5.160584026378059","12941.500315139217","-85.24108241451809","-0.6586646087301131","14400.0","1702742400000.0","1702756800000.0"
"49da8fb7-c4da-4241-a513-11da09353626","TradeIQ220320Strategy_LongOnly","BTC-USDT","Bybit Perpetual","long","42671.7","43582.0","0.3013829138948161","5.19907828804186","12860.521286845422","269.14978823041014","2.0928373137231544","374400.0","1702944000000.0","1703318400000.0"
"9a7f599d-6ce6-4c14-9bbf-23abbcfd4b9d","TradeIQ220320Strategy_LongOnly","BTC-USDT","Bybit Perpetual","long","43183.9","43087.2","0.30372925061572287","5.240611310558817","13116.213585664314","-34.611229845100546","-0.26388126130341255","43200.0","1703707200000.0","1703750400000.0"
"02e4e1a4-3873-4918-acbb-d11a05fa9e86","TradeIQ220320Strategy_LongOnly","BTC-USDT","Bybit Perpetual","long","42727.6","45435.0","0.30620331863506184","5.399136139899101","13083.332917311467","823.6157287326677","6.2951522669188105","57600.0","1704110400000.0","1704168000000.0"
"52dc34cf-d135-47c9-8025-eb637a27605d","TradeIQ220320Strategy_LongOnly","BTC-USDT","Bybit Perpetual","long","45435.0","43728.9","0.30517811950275125","5.442174265906273","13865.767859607504","-526.1065639495497","-3.794283657972924","115200.0","1704168000000.0","1704283200000.0"
"eebbffc7-a9bd-4fd3-b49b-9800b5dba980","TradeIQ220320Strategy_LongOnly","BTC-USDT","Bybit Perpetual","long","44143.8","43469.1","0.3027824207217192","5.305529189689983","13365.966623855427","-209.59282845063524","-1.5681082734155292","14400.0","1704412800000.0","1704427200000.0"
"a918557a-f6b9-49a4-9860-25f6a8f00c84","TradeIQ220320Strategy_LongOnly","BTC-USDT","Bybit Perpetual","long","43769.9","43495.2","0.3008198199408116","5.250214333823383","13166.853436827329","-87.88541887156563","-0.6674747257818828","14400.0","1704456000000.0","1704470400000.0"
"d3532e45-0279-437f-a083-2ed979940b68","TradeIQ220320Strategy_LongOnly","BTC-USDT","Bybit Perpetual","long","44145.4","43501.9","0.2963697755349219","5.195202125448392","13083.362288899341","-195.90915268217063","-1.497391483597385","187200.0","1704499200000.0","1704686400000.0"
"790e8d57-9826-4d40-bf5c-d0df7d59956c","TradeIQ220320Strategy_LongOnly","BTC-USDT","Bybit Perpetual","long","44637.2","45569.0","0.28893498234323123","5.212745360849997","12897.24859385128","264.01687118657367","2.047079028254467","187200.0","1704715200000.0","1704902400000.0"
"29bc2380-fe39-4d66-a6fa-cad3ee3468e7","TradeIQ220320Strategy_LongOnly","BTC-USDT","Bybit Perpetual","long","46813.4","44495.1","0.28086113423674686","5.129001775091201","13148.064621478527","-656.2493692761423","-4.99122409395601","86400.0","1704988800000.0","1705075200000.0"
"16d95ade-c7b3-402d-86c7-a4d70f670a70","TradeIQ220320Strategy_LongOnly","BTC-USDT","Bybit Perpetual","long","42210.0","41770.6","0.2967218128563418","4.98377517535266","12524.627720666187","-135.36333974442968","-1.0807773513385488","57600.0","1706414400000.0","1706472000000.0"
"520a686c-431f-40e9-9998-4d2b51f3571c","TradeIQ220320Strategy_LongOnly","BTC-USDT","Bybit Perpetual","long","42986.7","42630.2","0.2883690199040396","4.937852308044434","12396.032547908979","-107.74140790383456","-0.8691604147329292","144000.0","1706558400000.0","1706702400000.0"
"678b052e-701b-43a0-9531-1ca53ae750aa","TradeIQ220320Strategy_LongOnly","BTC-USDT","Bybit Perpetual","long","43018.1","42623.9","0.2857792001599405","4.894940452019525","12293.678210400336","-117.54910115506725","-0.9561751913729272","230400.0","1706846400000.0","1707076800000.0"
"45d02571-266b-47ba-bb71-695ca0648616","TradeIQ220320Strategy_LongOnly","BTC-USDT","Bybit Perpetual","long","42829.8","42783.0","0.2844282850796179","4.870140376972863","12182.006564303021","-18.18138411869981","-0.14924786013477276","86400.0","1707192000000.0","1707278400000.0"
"41ebf6d6-19fd-4606-ad21-ccbfd5b6e7c0","TradeIQ220320Strategy_LongOnly","BTC-USDT","Bybit Perpetual","long","42917.4","45406.3","0.2834452750956548","5.006987088793218","12164.734249390256","700.4599580967824","5.758119690381993","100800.0","1707307200000.0","1707408000000.0"
"a61f1ba3-2a27-43c8-b4d5-87f1dae3bff9","TradeIQ220320Strategy_LongOnly","BTC-USDT","Bybit Perpetual","long","45406.3","47172.8","0.28256367970044244","5.231898231871046","12830.1712095822","493.9168419589605","3.84965121580045","158400.0","1707408000000.0","1707566400000.0"
"515ecb37-c832-4905-b994-faefce659854","TradeIQ220320Strategy_LongOnly","BTC-USDT","Bybit Perpetual","long","47732.6","48753.1","0.27862283239218505","5.37662380386853","13299.392209443211","278.9579766523563","2.097524249674227","230400.0","1707609600000.0","1707840000000.0"
"15f6d3da-e822-4503-aa18-cd86dc4e9899","TradeIQ220320Strategy_LongOnly","BTC-USDT","Bybit Perpetual","long","51601.2","51013.4","0.26286990006555955","5.394857929453473","13564.40228726295","-159.90978518798823","-1.178892971481275","273600.0","1707912000000.0","1708185600000.0"
"6e3a3cb8-0b1f-4902-9b35-aa6d9d729c7c","TradeIQ220320Strategy_LongOnly","BTC-USDT","Bybit Perpetual","long","52423.9","52131.3","0.25584681779368496","5.350023040756458","13412.487991334361","-80.2108019271883","-0.5980307455187396","129600.0","1708329600000.0","1708459200000.0"
"680e84bd-6148-4df3-bea0-0c0e4120234e","TradeIQ220320Strategy_LongOnly","BTC-USDT","Bybit Perpetual","long","51590.0","51327.5","0.2585052864800064","5.320943564261213","13336.287729503532","-73.1785812652629","-0.5487177747625509","129600.0","1708804800000.0","1708934400000.0"
"49b37ec0-00a8-4bb2-b204-3f2c4a2be590","TradeIQ220320Strategy_LongOnly","BTC-USDT","Bybit Perpetual","long","52872.3","56581.4","0.2509209562909412","5.492845414716358","13266.76807730153","925.1980735640132","6.973801517997133","72000.0","1708963200000.0","1709035200000.0"
"cebd260e-6391-42fa-b31f-2383b21b24ed","TradeIQ220320Strategy_LongOnly","BTC-USDT","Bybit Perpetual","long","56581.4","61000.0","0.25000629618898335","5.879218062943066","14145.706247187343","1098.7986022776984","7.767718225423899","100800.0","1709035200000.0","1709136000000.0"
"f50b05b7-c7ec-4d1a-926c-6321730d5087","TradeIQ220320Strategy_LongOnly","BTC-USDT","Bybit Perpetual","long","61000.0","61681.8","0.24900926097296977","6.109780870566738","15189.564919351156","163.66473326080478","1.0774813770491851","100800.0","1709136000000.0","1709236800000.0"
"1dde9c87-ccc1-428e-81c7-ef2bfb111b47","TradeIQ220320Strategy_LongOnly","BTC-USDT","Bybit Perpetual","long","63178.5","68296.4","0.24288399401614347","6.386629764974613","15345.04641594892","1236.6693632102445","8.059078673915957","86400.0","1709510400000.0","1709596800000.0"
"80c48944-87e4-49c5-b2f3-597842b23d99","TradeIQ220320Strategy_LongOnly","BTC-USDT","Bybit Perpetual","long","68296.4","61510.2","0.24188511123571158","6.279656776025904","16519.88231099865","-1647.760398643811","-9.974407611528568","72000.0","1709596800000.0","1709668800000.0"
"0e160c67-95de-447c-aad1-74e8b716b943","TradeIQ220320Strategy_LongOnly","BTC-USDT","Bybit Perpetual","long","67317.1","71403.1","0.22215024016612464","6.16334514917857","14954.50993228703","901.5425361696067","6.028566233542443","446400.0","1709827200000.0","1710273600000.0"
"f13436e0-0129-40fd-b32e-4ec91ca80192","TradeIQ220320Strategy_LongOnly","BTC-USDT","Bybit Perpetual","long","72964.0","69500.4","0.21669556687747596","6.174280783571897","15810.975341648156","-756.7210462203989","-4.786049120114036","129600.0","1710316800000.0","1710446400000.0"
"be3e7883-1172-444a-8af8-60cf23b2215d","TradeIQ220320Strategy_LongOnly","BTC-USDT","Bybit Perpetual","long","67876.4","66601.6","0.2223466528534038","5.980146636484008","15092.090347738776","-289.42765969400057","-1.9177440170662978","57600.0","1710979200000.0","1711036800000.0"
"a7adf160-2916-4db1-b673-7169bf7ee961","TradeIQ220320Strategy_LongOnly","BTC-USDT","Bybit Perpetual","long","65886.8","70290.3","0.22488774794085425","6.1249122680233015","14817.134071029477","984.1682857895285","6.64209611029827","230400.0","1711310400000.0","1711540800000.0"
"8ee6de89-b61f-47ad-b916-c158eb2a59eb","TradeIQ220320Strategy_LongOnly","BTC-USDT","Bybit Perpetual","long","71335.1","69637.0","0.22081827799399634","6.225843273439491","15752.09394252953","-381.1973611350459","-2.4199789724833995","316800.0","1711641600000.0","1711958400000.0"
"32230907-2dad-4b1b-939d-b106eee12c8f","TradeIQ220320Strategy_LongOnly","BTC-USDT","Bybit Perpetual","long","68484.0","66937.4","0.2247233872065188","6.086471141649772","15389.956449451234","-353.6436617952531","-2.297886046375804","43200.0","1712260800000.0","1712304000000.0"
"7cf58e1c-93f1-4039-b795-485c6a0cd3d2","TradeIQ220320Strategy_LongOnly","BTC-USDT","Bybit Perpetual","long","68901.6","70444.0","0.2184854193624784","6.088996370463235","15053.994970745742","330.9029144542222","2.1981069815504926","201600.0","1712448000000.0","1712649600000.0"
"a0c0a47d-57e3-49d8-9741-416bb1cc4506","TradeIQ220320Strategy_LongOnly","BTC-USDT","Bybit Perpetual","long","70681.7","69374.1","0.2174304344614979","6.090478688570532","15368.352739477255","-290.4025147904233","-1.8896138038558656","144000.0","1712793600000.0","1712937600000.0"
"556e787b-1cf2-4c1c-bba2-a116a6964ed5","TradeIQ220320Strategy_LongOnly","BTC-USDT","Bybit Perpetual","long","65943.7","64594.0","0.22886902540237128","5.975207235453425","15092.47035042635","-314.87973082103326","-2.086336587119008","201600.0","1713772800000.0","1713974400000.0"
"9f3f8ae2-e8a7-4ef8-b1e2-c925c4fe3c56","TradeIQ220320Strategy_LongOnly","BTC-USDT","Bybit Perpetual","long","64398.0","63846.0","0.22971729876931538","5.891973052674416","14793.33460614637","-132.6959219733365","-0.8969980434174976","14400.0","1714924800000.0","1714939200000.0"
"c83232c3-af0d-41c2-9b8e-4aa70ef0075a","TradeIQ220320Strategy_LongOnly","BTC-USDT","Bybit Perpetual","long","64509.6","63599.8","0.22736574835794518","5.825537920537469","14667.2734802717","-212.682895776595","-1.4500506591266968","28800.0","1714982400000.0","1715011200000.0"
"a975a0e5-18f0-4b69-aa36-f97774db625c","TradeIQ220320Strategy_LongOnly","BTC-USDT","Bybit Perpetual","long","64685.5","66863.0","0.22362391462203948","5.883478106531473","14465.224729283935","481.0575959829595","3.3256143958074067","345600.0","1715788800000.0","1716134400000.0"
"68e4bd26-bd91-407a-8daa-f96b05d15c9a","TradeIQ220320Strategy_LongOnly","BTC-USDT","Bybit Perpetual","long","67382.1","69668.0","0.22145687720429827","6.0701374333073606","14922.229445467749","500.15813816799675","3.3517654985522767","187200.0","1716220800000.0","1716408000000.0"
"da0cf302-d5f5-4b14-bdc9-7f288c1be4ed","TradeIQ220320Strategy_LongOnly","BTC-USDT","Bybit Perpetual","long","69127.4","68462.9","0.22273916965960452","6.129349835043177","15397.379676727345","-154.13952807385039","-1.0010763604590944","230400.0","1716580800000.0","1716811200000.0"
"6b4bdf93-7cf3-426e-814b-1e0c1dab8357","TradeIQ220320Strategy_LongOnly","BTC-USDT","Bybit Perpetual","long","70421.5","68070.0","0.21656663270531284","5.998527562661566","15250.947125057188","-515.2549643692047","-3.3785112501153765","43200.0","1716825600000.0","1716868800000.0"
"f4e41cbd-8a96-4325-9d23-3d0a940b05ed","TradeIQ220320Strategy_LongOnly","BTC-USDT","Bybit Perpetual","long","68566.4","68226.1","0.21528700513526225","5.889929529993072","14761.454908906444","-79.1520973775203","-0.5362079677509515","57600.0","1717084800000.0","1717142400000.0"
"076f754c-2edc-4b6a-8772-a25cfc07f959","TradeIQ220320Strategy_LongOnly","BTC-USDT","Bybit Perpetual","long","68189.8","67765.3","0.21537327307599963","5.856218975674968","14686.2604163978","-97.2821733964368","-0.6624026174002563","14400.0","1717344000000.0","1717358400000.0"
"f56f216a-906c-4cd1-aa2a-6e8e65bb7f58","TradeIQ220320Strategy_LongOnly","BTC-USDT","Bybit Perpetual","long","68435.9","71334.3","0.21324834409529478","5.961152740773634","14593.842351671183","612.1178477850307","4.1943569968393914","302400.0","1717387200000.0","1717689600000.0"
"00ad84e4-e039-46c8-a23c-d40f543d4bd2","TradeIQ220320Strategy_LongOnly","BTC-USDT","Bybit Perpetual","long","71334.3","70526.1","0.21273572891395812","6.035755119605133","15175.354307066964","-177.96877122786546","-1.172748705741834","14400.0","1717689600000.0","1717704000000.0"
"c1e75e31-a8fd-4bd3-8027-e69c9bded062","TradeIQ220320Strategy_LongOnly","BTC-USDT","Bybit Perpetual","long","71750.0","69287.2","0.20914681497422288","5.899496234576494","15006.283974400492","-520.9862721530933","-3.471787372822304","28800.0","1717761600000.0","1717790400000.0"
"220456a5-c86d-4375-a15c-b485dd2788a4","TradeIQ220320Strategy_LongOnly","BTC-USDT","Bybit Perpetual","long","69738.0","67523.2","0.20808378525129848","5.712366012827106","14511.347015855054","-466.57633358740355","-3.215251713556458","14400.0","1718208000000.0","1718222400000.0"
"f068f2b9-6598-4a85-a691-986ff7bd4d70","TradeIQ220320Strategy_LongOnly","BTC-USDT","Bybit Perpetual","long","62617.30000000001","62881.799999999996","0.2246679352023645","5.639124733351013","14068.09949894702","53.78554412767113","0.38232274467277483","100800.0","1721016000000.0","1721116800000.0"
"90a5bd30-0065-442f-81cc-bc8b37331ecc","TradeIQ220320Strategy_LongOnly","BTC-USDT","Bybit Perpetual","long","65125.2","63500.1","0.21680080469416313","5.577213708805628","14119.195765868311","-357.9002014172898","-2.5348483536326927","158400.0","1721160000000.0","1721318400000.0"
"cdd602b3-fdd7-45dc-a989-a08c11b923c2","TradeIQ220320Strategy_LongOnly","BTC-USDT","Bybit Perpetual","long","65791.5","67044.3","0.20943724606555383","5.564152826182939","13779.190574521885","256.81882904474355","1.8638165112514582","259200.0","1721404800000.0","1721664000000.0"
"a6e7de64-8cfd-4539-95c2-e239e91c6c8f","TradeIQ220320Strategy_LongOnly","BTC-USDT","Bybit Perpetual","long","65773.0","67873.8","0.21320554729318095","5.69884782759646","14023.16846211439","442.20336592591866","3.1533769783953947","172800.0","1721952000000.0","1722124800000.0"
"064a5581-2092-4e0b-8af1-8649e4035106","TradeIQ220320Strategy_LongOnly","BTC-USDT","Bybit Perpetual","long","69323.1","67276.6","0.20834702515819417","5.692028226500357","14443.261659744012","-432.0742152127448","-2.991527989948516","57600.0","1722225600000.0","1722283200000.0"
"b2c4d138-1f04-4e08-bb46-9dd20bfc00e9","TradeIQ220320Strategy_LongOnly","BTC-USDT","Bybit Perpetual","long","60899.9","60494.9","0.23042387845122744","5.594452127962214","14032.791155291907","-98.91612290070933","-0.7048927173936246","14400.0","1724140800000.0","1724155200000.0"
"170779ad-02c8-4fb6-a922-e1061cc65a95","TradeIQ220320Strategy_LongOnly","BTC-USDT","Bybit Perpetual","long","61538.1","60514.9","0.2265071693558337","5.529175908277515","13938.82083853623","-237.29131159316591","-1.7023772264662007","28800.0","1724270400000.0","1724299200000.0"
"71e81c59-b605-4d1c-bca7-eefa8017f5fd","TradeIQ220320Strategy_LongOnly","BTC-USDT","Bybit Perpetual","long","60946.0","60370.9","0.22500892745254358","5.459477110173497","13713.394092522722","-134.862111288131","-0.9834334985068727","28800.0","1724313600000.0","1724342400000.0"
"a0540a2b-1c08-47ed-a474-035ef9184cdf","TradeIQ220320Strategy_LongOnly","BTC-USDT","Bybit Perpetual","long","61045.0","60710.2","0.22254525492340074","5.419208404449929","13585.275086798998","-79.92735975280515","-0.5883381767548578","14400.0","1724400000000.0","1724414400000.0"
"8ce3ec8e-2672-4e75-bcaf-394e55337320","TradeIQ220320Strategy_LongOnly","BTC-USDT","Bybit Perpetual","long","61499.0","64089.5","0.219667703459143","5.517547475175716","13509.344095033835","563.5316383357342","4.171421161319696","216000.0","1724428800000.0","1724644800000.0"
"38e31f30-ef1d-481a-a948-971dc4073b36","TradeIQ220320Strategy_LongOnly","BTC-USDT","Bybit Perpetual","long","59623.5","59100.5","0.23555643582568592","5.5932404573937475","14044.699151452784","-128.7892563942275","-0.9169954799701461","201600.0","1726243200000.0","1726444800000.0"
"60edb17b-af20-496a-8d04-864f1072cdad","TradeIQ220320Strategy_LongOnly","BTC-USDT","Bybit Perpetual","long","61103.0","63088.9","0.2278505041958376","5.659437406407809","13922.349357878265","446.82887887610644","3.2094359033108053","388800.0","1726588800000.0","1726977600000.0"
"6e0abc9e-fd09-44db-8cb0-111edd1ff671","TradeIQ220320Strategy_LongOnly","BTC-USDT","Bybit Perpetual","long","63558.4","63097.59999999999","0.2257268400842464","5.717931731542063","14346.836792810567","-109.73285964236511","-0.764857516866394","100800.0","1727049600000.0","1727150400000.0"
"5a769c7b-96d5-4de8-8aeb-a5702d4eb28c","TradeIQ220320Strategy_LongOnly","BTC-USDT","Bybit Perpetual","long","64243.09999999999","63151.6","0.2216983703487273","5.6486394762130026","14242.590576150322","-247.63241071184723","-1.7386753441225482","72000.0","1727222400000.0","1727294400000.0"
"259b2d86-257f-457c-9da0-8d81ccd867c3","TradeIQ220320Strategy_LongOnly","BTC-USDT","Bybit Perpetual","long","64373.0","64539.899999999994","0.21759650452789314","5.610199285710768","14007.339785974065","30.70665731999333","0.21921833688036005","316800.0","1727352000000.0","1727668800000.0"
"b5dd5303-e5a4-488d-b900-4291d0467f4e","TradeIQ220320Strategy_LongOnly","BTC-USDT","Bybit Perpetual","long","62690.4","62190.7","0.2239020824628342","5.592227670049889","14036.51111042806","-117.47609827672912","-0.8369323213761666","115200.0","1728230400000.0","1728345600000.0"
"79adcdc2-fcbe-4409-9714-0aa114baba33","TradeIQ220320Strategy_LongOnly","BTC-USDT","Bybit Perpetual","long","62218.0","65850.9","0.2238083644132754","5.732578208241465","13924.908817065168","807.3408288687455","5.797817705487149","259200.0","1728662400000.0","1728921600000.0"
"732bc438-fea6-43ac-8643-7778bc27f9ed","TradeIQ220320Strategy_LongOnly","BTC-USDT","Bybit Perpetual","long","65850.9","65994.6","0.22310830382713795","5.883165174448183","14691.882604490476","26.177498085514134","0.17817660806459995","86400.0","1728921600000.0","1729008000000.0"
"db438b6f-a026-4ef3-8f45-98fd84c7ac6f","TradeIQ220320Strategy_LongOnly","BTC-USDT","Bybit Perpetual","long","67872.3","67354.3","0.2168300061685211","5.864236902429628","14716.751227671715","-118.18218009772356","-0.8030453071429728","446400.0","1729080000000.0","1729526400000.0"
"95044708-40b9-4b1a-8a3e-3cd720d0fd3c","TradeIQ220320Strategy_LongOnly","BTC-USDT","Bybit Perpetual","long","67672.7","66825.8","0.21581048423631508","5.805237282811605","14604.478156578878","-188.5751363825456","-1.2912144779209256","100800.0","1729785600000.0","1729886400000.0"
"21d53cc1-c5bf-4655-8f71-22cada9a7bcb","TradeIQ220320Strategy_LongOnly","BTC-USDT","Bybit Perpetual","long","67759.9","71440.1","0.21288891773771007","5.926827469817849","14425.331777015459","777.5469675885053","5.390149631271611","158400.0","1730044800000.0","1730203200000.0"
"245e6da4-a678-499d-890d-1d1b2236ba16","TradeIQ220320Strategy_LongOnly","BTC-USDT","Bybit Perpetual","long","71440.1","71995.0","0.21226176049899897","6.089157368669994","15164.001396224538","111.69489353222329","0.736579288102892","86400.0","1730203200000.0","1730289600000.0"
"2b8521ba-96c2-4483-a6f0-b8f8810de95e","TradeIQ220320Strategy_LongOnly","BTC-USDT","Bybit Perpetual","long","69615.3","68955.9","0.2193499352165422","6.079116748575703","15270.11154508015","-150.71846403036554","-0.9870161300748668","14400.0","1730822400000.0","1730836800000.0"
"cfdb7f06-b806-4605-8eeb-cf1d4712911c","TradeIQ220320Strategy_LongOnly","BTC-USDT","Bybit Perpetual","long","69353.1","75817.9","0.21811467698273476","6.332785154452118","15126.929004251304","1403.734978603529","9.279708909911724","72000.0","1730851200000.0","1730923200000.0"
"8081277e-7cd4-4174-a496-c34d9040fb0e","TradeIQ220320Strategy_LongOnly","BTC-USDT","Bybit Perpetual","long","75817.9","76305.7","0.21710542278175282","6.605371698616451","16460.477233924656","99.29865353432321","0.6032550097008793","244800.0","1730923200000.0","1731168000000.0"
"26e63930-ecf6-4d74-b09b-486a214086d3","TradeIQ220320Strategy_LongOnly","BTC-USDT","Bybit Perpetual","long","77204.0","84114.2","0.21442944607510311","6.91827445356654","16554.81095478226","1474.8320838146105","8.908782394694573","129600.0","1731211200000.0","1731340800000.0"
"29b291a7-1973-4587-afee-84a745bb6f5f","TradeIQ220320Strategy_LongOnly","BTC-USDT","Bybit Perpetual","long","84114.2","87229.5","0.21347051311676435","7.315365511664988","17955.90143440614","657.7093240009916","3.66291453761672","72000.0","1731340800000.0","1731412800000.0"
"1646d13e-a7fc-470b-a03e-152d0394ba7e","TradeIQ220320Strategy_LongOnly","BTC-USDT","Bybit Perpetual","long","87972.0","89502.7","0.21121180935078301","7.496950500197483","18580.725292207084","315.8049660730454","1.6996374528258955","158400.0","1731456000000.0","1731614400000.0"
"5c0f3723-8b6a-49bb-bb3d-9028a54edcc7","TradeIQ220320Strategy_LongOnly","BTC-USDT","Bybit Perpetual","long","91074.6","98014.0","0.20731071023069525","7.84001839250557","18880.740009976478","1430.77192418238","7.577944102966133","475200.0","1731715200000.0","1732190400000.0"
"bb64b29a-f62f-4b8c-8950-5a5991862653","TradeIQ220320Strategy_LongOnly","BTC-USDT","Bybit Perpetual","long","98014.0","98696.5","0.20650084006315161","8.124176699848517","20239.97333794974","132.81264664325246","0.6561898300242823","100800.0","1732190400000.0","1732291200000.0"
"7de6562b-bfb4-4fb6-b947-9743b6308574","TradeIQ220320Strategy_LongOnly","BTC-USDT","Bybit Perpetual","long","99112.6","97562.4","0.20548492676270047","8.082749594210824","20366.145352260828","-326.6254830617515","-1.603766826821223","86400.0","1732305600000.0","1732392000000.0"
"aa0044e7-5a62-4f9e-ab89-2a58b9143f0a","TradeIQ220320Strategy_LongOnly","BTC-USDT","Bybit Perpetual","long","98268.0","96040.40000000001","0.20409340928229092","7.93141276163742","20055.851143352163","-462.5698912788669","-2.306408678308291","14400.0","1732536000000.0","1732550400000.0"
"38e54346-e9f1-4bd6-a09b-04f4193b1710","TradeIQ220320Strategy_LongOnly","BTC-USDT","Bybit Perpetual","long","95610.5","96404.0","0.20517003620561797","7.879124383400727","19616.409746637237","154.92329934575713","0.7897637811746617","302400.0","1732723200000.0","1733025600000.0"
"ccaf680f-956b-42e8-ad90-e3cb12981b20","TradeIQ220320Strategy_LongOnly","BTC-USDT","Bybit Perpetual","long","96652.1","95813.0","0.20448171204780555","7.871118631490421","19763.586881015708","-179.45172321080526","-0.9079916732280061","28800.0","1733299200000.0","1733328000000.0"
"8c1c4667-3784-4110-8675-6a9528732534","TradeIQ220320Strategy_LongOnly","BTC-USDT","Bybit Perpetual","long","97283.4","97001.5","0.2014023743410021","7.825888031720833","19593.107743965444","-64.60121735844815","-0.32971399025938053","100800.0","1733342400000.0","1733443200000.0"
"8fd46c99-7c94-488a-92aa-785c6be63538","TradeIQ220320Strategy_LongOnly","BTC-USDT","Bybit Perpetual","long","101200.0","98157.4","0.19300134967860588","7.695249453683541","19531.736587474916","-594.921155985811","-3.0459204347826145","43200.0","1733702400000.0","1733745600000.0"
"aafbff14-cd55-480f-b4b2-1850de9c19e0","TradeIQ220320Strategy_LongOnly","BTC-USDT","Bybit Perpetual","long","98289.7","103227.7","0.19296591086643258","7.777197729287048","18966.561489288397","945.088470129157","4.982919390332864","374400.0","1733918400000.0","1734292800000.0"
"d15c3671-ca2a-46c1-9813-72008cbd01bc","TradeIQ220320Strategy_LongOnly","BTC-USDT","Bybit Perpetual","long","103227.7","106281.19999999998","0.19243280181493047","8.063276926432817","19864.3955359111","579.5302834154546","2.9174322589769854","72000.0","1734292800000.0","1734364800000.0"
"0e45dd6a-5132-4643-830a-ca7fdbe4b70c","TradeIQ220320Strategy_LongOnly","BTC-USDT","Bybit Perpetual","long","106546.0","104200.10000000002","0.1916069050471701","8.076081594352283","20414.949305155784","-457.5667201445047","-2.2413316501792466","129600.0","1734379200000.0","1734508800000.0"
"daf692d8-fa8e-4f0a-a39d-5284192a46cb","TradeIQ220320Strategy_LongOnly","BTC-USDT","Bybit Perpetual","long","98243.5","97669.6","0.20337488913789203","7.968760998632152","19980.260921018496","-124.6856098748672","-0.6240439520171759","144000.0","1735056000000.0","1735200000000.0"
"35c1753a-7570-45b3-86bf-79d235f072eb","TradeIQ220320Strategy_LongOnly","BTC-USDT","Bybit Perpetual","long","95815.3","97609.5","0.2072926723773486","8.019108739210836","19861.80959163737","363.90540404022744","1.8321865505822106","273600.0","1735804800000.0","1736078400000.0"
"07ea6be6-9112-4539-bbc8-798de0ba327c","TradeIQ220320Strategy_LongOnly","BTC-USDT","Bybit Perpetual","long","98340.2","97915.3","0.20548585141656808","8.065545702536856","20207.519725475588","-95.37648396943544","-0.47198510883646183","144000.0","1736121600000.0","1736265600000.0"
"6e485790-1099-4aa0-9327-21833c95c033","TradeIQ220320Strategy_LongOnly","BTC-USDT","Bybit Perpetual","long","96508.4","99258.3","0.20844726537487537","8.161406653292723","20116.912065704622","565.0477284010789","2.8088193981042155","187200.0","1736856000000.0","1737043200000.0"
"7ba3159c-d25f-4a8f-93b0-40d622f6e1a3","TradeIQ220320Strategy_LongOnly","BTC-USDT","Bybit Perpetual","long","101005.1","101311.5","0.20448182723135414","8.274013609446996","20653.707407685648","54.37921825423872","0.26329034870515866","244800.0","1737086400000.0","1737331200000.0"
"ccb58b72-f0a6-466a-8cc9-d9a0447a3e0c","TradeIQ220320Strategy_LongOnly","BTC-USDT","Bybit Perpetual","long","107178.8","102922.7","0.19318529098130574","8.117703882621763","20705.367665027174","-830.3336208281582","-4.010233646952574","72000.0","1737360000000.0","1737432000000.0"
"a351fcc3-f80b-49ae-92ee-d192149ef449","TradeIQ220320Strategy_LongOnly","BTC-USDT","Bybit Perpetual","long","105726.7","102560.1","0.18837768250820675","7.847316936210072","19916.55072524042","-604.3640863666959","-3.0344816966764228","187200.0","1737748800000.0","1737936000000.0"
"4d2e1652-6b33-409c-81ea-362a6729706c","TradeIQ220320Strategy_LongOnly","BTC-USDT","Bybit Perpetual","long","103550.5","102275.80000000002","0.18679199852431477","7.689341185173035","19342.404843192056","-245.79310170411384","-1.270747374469445","172800.0","1738180800000.0","1738353600000.0"
"5981923a-18f6-40a4-85b4-1165156856be","TradeIQ220320Strategy_LongOnly","BTC-USDT","Bybit Perpetual","long","101831.9","100597.1","0.18765142746598212","7.5972181621022585","19108.901396573143","-239.3092007970948","-1.2523441082803999","28800.0","1738612800000.0","1738641600000.0"
"1d5e9494-1c90-48b5-84a8-955f8482978f","TradeIQ220320Strategy_LongOnly","BTC-USDT","Bybit Perpetual","long","98370.0","98106.09999999999","0.19194426812865614","7.542492243854532","18881.557655815905","-58.19658460300857","-0.30821919284335547","28800.0","1740081600000.0","1740110400000.0"
"e9d88e2c-97c0-452d-b90d-60fbd776fd9e","TradeIQ220320Strategy_LongOnly","BTC-USDT","Bybit Perpetual","long","98130.0","98057.6","0.19185030979764647","7.527730367691349","18826.270900443047","-21.417692797039837","-0.11376492408029572","28800.0","1740124800000.0","1740153600000.0"
"5be52a7f-0a64-4f3a-9543-cd272fdf137a","TradeIQ220320Strategy_LongOnly","BTC-USDT","Bybit Perpetual","long","94222.8","92660.0","0.19958995160710422","7.459985801640027","18805.92409228586","-319.37916217322305","-1.6982901802960673","14400.0","1740960000000.0","1740974400000.0"
"90a88d0f-758a-4acd-8a2a-62b744915509","TradeIQ220320Strategy_LongOnly","BTC-USDT","Bybit Perpetual","long","87643.5","86477.4","0.21111107940944046","7.351770229348649","18502.513888221296","-253.5283999286984","-1.3702375874993649","57600.0","1742817600000.0","1742875200000.0"
"8470f07b-588d-44e9-9730-1314b3f033a7","TradeIQ220320Strategy_LongOnly","BTC-USDT","Bybit Perpetual","long","87723.0","87120.6","0.20817416080490903","7.279583940421839","18261.661908289036","-132.68369840929782","-0.7265696795595159","43200.0","1742918400000.0","1742961600000.0"
"9e1b749c-473e-4352-b249-a9338d33f251","TradeIQ220320Strategy_LongOnly","BTC-USDT","Bybit Perpetual","long","88106.7","86696.9","0.2058369272121213","7.196207177923354","18135.612394800206","-297.38510716157253","-1.6397853057713012","28800.0","1742976000000.0","1743004800000.0"
"52fb057c-076b-4f72-9b43-f026b2269816","TradeIQ220320Strategy_LongOnly","BTC-USDT","Bybit Perpetual","long","86709.5","82485.1","0.20589550790855343","6.967281620476907","17853.096542996715","-876.7522652293688","-4.9109254695275535","28800.0","1743609600000.0","1743638400000.0"
"74ae7e50-8944-4dc8-bd4e-d906135ac4ae","TradeIQ220320Strategy_LongOnly","BTC-USDT","Bybit Perpetual","long","84974.1","83820.1","0.20029846613296065","6.761843870428038","17020.181891028813","-237.90627378786462","-1.3977892557849978","86400.0","1744473600000.0","1744560000000.0"
"0a60bc95-4ef5-4652-bf60-59c7b298b332","TradeIQ220320Strategy_LongOnly","BTC-USDT","Bybit Perpetual","long","85691.3","83954.6","0.19598455071787146","6.649595098525791","16794.17093093034","-347.0159643302526","-2.066288152939676","43200.0","1744704000000.0","1744747200000.0"
"03f2a628-3a98-42b6-a7c4-8c373a9648d2","TradeIQ220320Strategy_LongOnly","BTC-USDT","Bybit Perpetual","long","85179.3","84084.6","0.19329233469653542","6.543482882168181","16464.5057648166","-218.14060167446493","-1.32491436299664","86400.0","1745064000000.0","1745150400000.0"
"10e91782-8f74-446e-9265-fc6e15016bf4","TradeIQ220320Strategy_LongOnly","BTC-USDT","Bybit Perpetual","long","85138.8","90881.2","0.19095021533338338","6.722211380596429","16257.272193225861","1089.790305149823","6.703401974188024","144000.0","1745193600000.0","1745337600000.0"
"bcc0f540-e497-4f57-979e-9e176613ef92","TradeIQ220320Strategy_LongOnly","BTC-USDT","Bybit Perpetual","long","90881.2","92166.0","0.19027667969963197","6.965922688862895","17292.572983118192","237.50155538922482","1.3734309846260866","144000.0","1745337600000.0","1745481600000.0"
"cffd3e8c-f3e8-490e-b0f5-fff231981a47","TradeIQ220320Strategy_LongOnly","BTC-USDT","Bybit Perpetual","long","93262.9","94027.60000000002","0.18783674387926988","7.03600753590408","17518.199460737957","136.6027505085785","0.779776202541446","187200.0","1745553600000.0","1745740800000.0"
"ba319b74-c456-41ec-b939-c15efa271c6f","TradeIQ220320Strategy_LongOnly","BTC-USDT","Bybit Perpetual","long","95276.1","93948.4","0.18522979082604243","7.010002910832494","17647.972073721103","-252.9395961905712","-1.4332502065051063","187200.0","1745841600000.0","1746028800000.0"
"f8daf412-1c20-4e44-a222-64d0d6cb91fb","TradeIQ220320Strategy_LongOnly","BTC-USDT","Bybit Perpetual","long","96129.9","95680.0","0.18108496375571037","6.946777757897287","17407.679457340062","-88.41690295159032","-0.5079189513356345","230400.0","1746100800000.0","1746331200000.0"
"66a499f0-c334-4518-bd8d-da53fe331c93","TradeIQ220320Strategy_LongOnly","BTC-USDT","Bybit Perpetual","long","94910.8","99212.0","0.18252594435550062","7.086489478186796","17323.68339953605","777.9941023836919","4.490927734251525","129600.0","1746561600000.0","1746691200000.0"
"378e0e73-e8e8-4342-8c5b-4fb6d2322649","TradeIQ220320Strategy_LongOnly","BTC-USDT","Bybit Perpetual","long","99212.0","103148.6","0.18206242991574162","7.368452511041485","18062.777796800558","709.338509095268","3.9270732169495686","216000.0","1746691200000.0","1746907200000.0"
"74170f4a-1b8a-4a8c-b856-b9d1b23513e1","TradeIQ220320Strategy_LongOnly","BTC-USDT","Bybit Perpetual","long","104788.8","102481.7","0.17880393114952223","7.41215604226541","18736.649380441057","-419.93070559732917","-2.2412262570045707","144000.0","1746921600000.0","1747065600000.0"
"ce1fd314-8624-445b-a2c5-4f655a5f6705","TradeIQ220320Strategy_LongOnly","BTC-USDT","Bybit Perpetual","long","104744.7","101733.9","0.17507057836934561","7.229665584578553","18337.715210123595","-534.3321629390049","-2.9138426287917225","129600.0","1747166400000.0","1747296000000.0"
"88a09812-acd7-42ef-b91b-6b10e9b4e5b8","TradeIQ220320Strategy_LongOnly","BTC-USDT","Bybit Perpetual","long","103974.3","103166.99999999999","0.17148564265719068","7.104351790269186","17830.09965533154","-145.54471110742222","-0.8162865823573877","216000.0","1747425600000.0","1747641600000.0"
"45a050c4-30b0-41cd-91d2-997795a73e48","TradeIQ220320Strategy_LongOnly","BTC-USDT","Bybit Perpetual","long","105720.0","109033.19999999998","0.16734612353177727","7.1876231072088945","17691.832179779492","547.2635533782727","3.093311918274672","288000.0","1747713600000.0","1748001600000.0"
"d4b74539-da74-4ce8-864b-b17cd019ae08","TradeIQ220320Strategy_LongOnly","BTC-USDT","Bybit Perpetual","long","108955.9","108844.9","0.16714774101713498","7.280982342344963","18211.732555488856","-25.834381595246946","-0.1418557049228174","100800.0","1748217600000.0","1748318400000.0"
"30cc5cf7-989d-47a5-9631-39ff9c3f74cc","TradeIQ220320Strategy_LongOnly","BTC-USDT","Bybit Perpetual","long","110091.3","107065.5","0.16520097312842494","7.17490293629095","18187.18989297337","-507.0400074282796","-2.7878963732829045","86400.0","1748361600000.0","1748448000000.0"
"69bd6e1f-47c2-4671-9fd6-a6672d4462d2","TradeIQ220320Strategy_LongOnly","BTC-USDT","Bybit Perpetual","long","105814.3","105448.80000000002","0.16732617317240206","7.069969211107699","17705.501885916503","-68.22768550561821","-0.38534736798333064","14400.0","1748908800000.0","1748923200000.0"
"7c2eb780-8e75-4630-a97f-1f58b6331544","TradeIQ220320Strategy_LongOnly","BTC-USDT","Bybit Perpetual","long","106556.1","105330.1","0.1655530334226399","7.015680630079234","17640.68558468616","-209.98369960623577","-1.190337521737376","28800.0","1748966400000.0","1748995200000.0"
"622dda21-480a-4b59-9ae2-1aefc3a4613e","TradeIQ220320Strategy_LongOnly","BTC-USDT","Bybit Perpetual","long","105035.4","104176.89999999998","0.1660506940522932","6.947969523855315","17441.201070060237","-149.50249036775142","-0.8571800174036701","14400.0","1749225600000.0","1749240000000.0"
"5f51d3c4-ef25-4da7-bcf3-2c58a514ef99","TradeIQ220320Strategy_LongOnly","BTC-USDT","Bybit Perpetual","long","104822.40000000001","110227.89999999998","0.1650331771091949","7.098086849457099","17299.173704210873","884.9887520142912","5.115786263241417","244800.0","1749268800000.0","1749513600000.0"
"8eba38a7-2b09-47d8-b686-f42ad06c1786","TradeIQ220320Strategy_LongOnly","BTC-USDT","Bybit Perpetual","long","110227.9","108975.3","0.16456734654860028","7.214737795792427","18139.913018624455","-213.3517960825677","-1.1761456400784114","57600.0","1749513600000.0","1749571200000.0"
"3ad64e80-d9dd-4d19-ae63-43fa08069f7e","TradeIQ220320Strategy_LongOnly","BTC-USDT","Bybit Perpetual","long","107023.79999999999","105592.9","0.16760037311650322","7.126927650159926","17937.228812346017","-246.94630154256342","-1.3767249340800778","100800.0","1750060800000.0","1750161600000.0"
"fa9ac1ae-ca42-4e76-ace7-860ae9af32c0","TradeIQ220320Strategy_LongOnly","BTC-USDT","Bybit Perpetual","long","105763.5","104168.5","0.16737938727330862","7.027657905812045","17702.629825880576","-273.99778060673924","-1.5477800942669255","28800.0","1750406400000.0","1750435200000.0"
"2b5771ec-035a-43f5-aec4-00ea8ce09fc2","TradeIQ220320Strategy_LongOnly","BTC-USDT","Bybit Perpetual","long","105290.9","107428.0","0.16565849407977493","7.047738527261247","17442.331934304173","346.98102917062675","1.9893041278970984","273600.0","1750723200000.0","1750996800000.0"
"a44d2272-d8ce-4077-ad09-ef5c244a60f2","TradeIQ220320Strategy_LongOnly","BTC-USDT","Bybit Perpetual","long","108448.30000000002","107525.59999999999","0.16387498846930995","7.07854407443438","17771.96391201627","-158.28599593507096","-0.8906499963577355","100800.0","1751198400000.0","1751299200000.0"
"1cc4c288-1522-47bf-ac6d-e73ca231b225","TradeIQ220320Strategy_LongOnly","BTC-USDT","Bybit Perpetual","long","107439.6","107534.69999999998","0.1640139410038566","7.051756431509075","17621.592215877954","8.54596935795387","0.048497146303575885","187200.0","1751457600000.0","1751644800000.0"
"82e39506-7561-46ff-b34d-6e8e9a660e9a","TradeIQ220320Strategy_LongOnly","BTC-USDT","Bybit Perpetual","long","109145.8","107999.9","0.16152440943002858","7.014866190554032","17629.710886768014","-192.1056869564252","-1.0896700926650487","72000.0","1751846400000.0","1751918400000.0"
"b02c6ecf-6de2-42a2-9c66-e735b29cdccd","TradeIQ220320Strategy_LongOnly","BTC-USDT","Bybit Perpetual","long","109019.99999999999","113246.1","0.16003678668280508","7.114150486503805","17447.21048415941","669.217313713702","3.83566940011009","100800.0","1752076800000.0","1752177600000.0"
"eaa43f88-98ba-40fd-bb8f-3c53072930d9","TradeIQ220320Strategy_LongOnly","BTC-USDT","Bybit Perpetual","long","113246.1","117711.5","0.15967849605582377","7.375792444132506","18082.966932187424","705.6525638435421","3.9023052272881755","201600.0","1752177600000.0","1752379200000.0"
"e6ab468f-2102-4eb8-a61d-15740e6ec1a9","TradeIQ220320Strategy_LongOnly","BTC-USDT","Bybit Perpetual","long","117711.5","119863.1","0.15931609798395902","7.569891650419974","18753.336867838792","335.2146247718672","1.7874932185895225","129600.0","1752379200000.0","1752508800000.0"
"ded92fef-3c66-4bf2-9768-22ffdaad33f9","TradeIQ220320Strategy_LongOnly","BTC-USDT","Bybit Perpetual","long","118755.09999999999","117830.0","0.16059765653325261","7.599002526137045","19071.790761372067","-156.16789458504763","-0.8188423234033664","187200.0","1752667200000.0","1752854400000.0"
"bbdf1dd0-4134-4fab-8c5c-e2baaab97111","TradeIQ220320Strategy_LongOnly","BTC-USDT","Bybit Perpetual","long","118131.20000000001","117216.0","0.160189952032285","7.540051335786518","18923.431261516267","-154.14589543573564","-0.8145768772348133","14400.0","1753041600000.0","1753056000000.0"
"d110b7cb-3df2-47b0-90d2-e96245c908ab","TradeIQ220320Strategy_LongOnly","BTC-USDT","Bybit Perpetual","long","119352.19999999998","116724.69999999998","0.15732422746168337","7.4281231828098155","18776.992660852324","-420.7975308383829","-2.2410272956845376","43200.0","1753084800000.0","1753128000000.0"
"4e4e1aa2-b5d3-4aae-b5c4-f1d4f436761b","TradeIQ220320Strategy_LongOnly","BTC-USDT","Bybit Perpetual","long","118899.8","118368.00000000001","0.15456068897135114","7.33445492774335","18377.235006555857","-89.52982932270609","-0.48717790946661677","144000.0","1753200000000.0","1753344000000.0"
"0f326b19-2270-40f8-939e-79f7ac4e1ff5","TradeIQ220320Strategy_LongOnly","BTC-USDT","Bybit Perpetual","long","117758.00000000001","118152.80000000002","0.15533706133510491","7.329138081842735","18292.181668699286","53.997933733257135","0.2951967934238038","187200.0","1753531200000.0","1753718400000.0"
"2e2c43c8-564a-4ee9-902f-a4524016e74c","TradeIQ220320Strategy_LongOnly","BTC-USDT","Bybit Perpetual","long","118624.10000000002","116718.90000000001","0.15463535407852097","7.278469626980273","18343.47970574588","-301.8897462173802","-1.6457605157805297","43200.0","1753948800000.0","1753992000000.0"
"a343bf7e-251b-46ba-8f18-14f5fe92cb45","TradeIQ220320Strategy_LongOnly","BTC-USDT","Bybit Perpetual","long","115366.29999999999","114500.8","0.15651610952972725","7.195580840176154","18056.684446839372","-142.6602736381528","-0.7900690409590889","43200.0","1754496000000.0","1754539200000.0"
"614f3c3e-1253-4175-babd-371052fcd3f7","TradeIQ220320Strategy_LongOnly","BTC-USDT","Bybit Perpetual","long","116469.09999999999","116499.9","0.15387048742441667","7.1694107169557855","17921.157186883127","-2.4301997042833046","-0.013560506606470808","201600.0","1754568000000.0","1754769600000.0"
"0b0f47aa-f1d0-4373-8d96-c62180d0351c","TradeIQ220320Strategy_LongOnly","BTC-USDT","Bybit Perpetual","long","118480.10000000002","119035.29999999999","0.15123930936219712","7.1843330117772","17918.848497164054","76.7837315461098","0.428508179854649","144000.0","1754798400000.0","1754942400000.0"
"2398acec-3196-4ace-a078-c667773d487c","TradeIQ220320Strategy_LongOnly","BTC-USDT","Bybit Perpetual","long","120897.2","118185.89999999998","0.14881893908322827","7.116018658945874","17991.793042132864","-410.60880819530524","-2.2822005968707444","86400.0","1755100800000.0","1755187200000.0"
"0fbd8448-f5a5-4550-9025-5f982f72bd1a","TradeIQ220320Strategy_LongOnly","BTC-USDT","Bybit Perpetual","long","116319.3","115522.49999999999","0.15132239167831416","7.016571133401075","17601.714674347328","-127.59025282268443","-0.7248739976942927","43200.0","1755878400000.0","1755921600000.0"
"3adc9ad6-2ff1-40bd-aa24-97033d261e58","TradeIQ220320Strategy_LongOnly","BTC-USDT","Bybit Perpetual","long","112950.1","112397.4","0.15476306735598971","6.975094064200778","17480.503934165776","-92.5126413918581","-0.5292332631843721","14400.0","1757404800000.0","1757419200000.0"
"9fd4b3dc-988a-4c12-9b5e-e2bdeaf72b1b","TradeIQ220320Strategy_LongOnly","BTC-USDT","Bybit Perpetual","long","113801.3","115721.29999999999","0.1528332007177731","7.015734719013029","17392.61692484351","286.42401065910906","1.6468137710201776","259200.0","1757520000000.0","1757779200000.0"
"880f387a-7325-46c6-be9e-a203a0e4b3b4","TradeIQ220320Strategy_LongOnly","BTC-USDT","Bybit Perpetual","long","115769.5","115009.0","0.15258526412370846","7.042679675314651","17664.719734969665","-123.08377304139493","-0.6967773895542436","14400.0","1757923200000.0","1757937600000.0"
"c448b7f4-a238-4554-9b18-b71643d81cee","TradeIQ220320Strategy_LongOnly","BTC-USDT","Bybit Perpetual","long","116757.99999999999","115587.6","0.15029197271776104","6.983935715258363","17547.790150580342","-182.8856605841228","-1.0422147690093866","86400.0","1758052800000.0","1758139200000.0"
"37e0cbb8-8df2-4a03-bf24-8643b1d01eb6","TradeIQ220320Strategy_LongOnly","BTC-USDT","Bybit Perpetual","long","117531.2","115826.90000000001","0.1478249926234517","6.899231882224541","17374.048773025424","-258.8373668103716","-1.489793025171179","129600.0","1758168000000.0","1758297600000.0"
"78e4b789-8d41-492e-a5dc-0a6897905c4d","TradeIQ220320Strategy_LongOnly","BTC-USDT","Bybit Perpetual","long","113752.0","113003.7","0.15057452418028316","6.828726326533407","17128.15327455557","-119.50364277063974","-0.6977030206062337","72000.0","1759161600000.0","1759233600000.0"
"76974f8e-471e-410d-a504-b71b2e6134e8","TradeIQ220320Strategy_LongOnly","BTC-USDT","Bybit Perpetual","long","114309.1","118697.0","0.1488475092002602","6.93647552269335","17014.624813923463","646.1915100971274","3.7978592955416444","115200.0","1759262400000.0","1759377600000.0"
"fb4d267d-6fcf-473d-b5ca-f85709661f96","TradeIQ220320Strategy_LongOnly","BTC-USDT","Bybit Perpetual","long","118697.0","120307.19999999998","0.1485168685688411","7.099231071760203","17628.506748515734","232.04263069778514","1.316292037709447","115200.0","1759377600000.0","1759492800000.0"
"a6f02ac3-9569-4da2-986e-13c1971879b3","TradeIQ220320Strategy_LongOnly","BTC-USDT","Bybit Perpetual","long","122238.5","123627.1","0.14601739425531754","7.180130849804041","17848.947247678632","195.57962281313075","1.0957487861843904","316800.0","1759507200000.0","1759824000000.0"
"650a5e03-bc73-46af-a64c-dcfa7c92d543","TradeIQ220320Strategy_LongOnly","BTC-USDT","Bybit Perpetual","long","123381.8","121079.4","0.14617024463373943","7.1465906814915","18034.74788935111","-343.6889619262144","-1.90570427729212","72000.0","1759953600000.0","1760025600000.0"
"d4bc8a22-7e2f-4077-ac31-098da288d142","TradeIQ220320Strategy_LongOnly","BTC-USDT","Bybit Perpetual","long","113235.2","114064.1","0.15638461693467406","7.109222792003912","17708.243375521204","122.51798618514877","0.6918697896060666","129600.0","1761480000000.0","1761609600000.0"
"dc8c262a-f1de-48df-9971-41fc62afbd4f","TradeIQ220320Strategy_LongOnly","BTC-USDT","Bybit Perpetual","long","114571.9","112833.5","0.15557597859856645","7.075763528719689","17824.635462397095","-277.5290447244667","-1.5569970298127151","28800.0","1761667200000.0","1761696000000.0"
"fbae1011-6cfb-4eef-a6b4-13a7dc1e53a6","TradeIQ220320Strategy_LongOnly","BTC-USDT","Bybit Perpetual","long","90091.6","89582.99999999999","0.1949236429357326","7.004565515004117","17560.98286990885","-106.1427303121217","-0.604423631059966","14400.0","1766980800000.0","1766995200000.0"
"fb8342d6-f202-42f8-accd-7f9b9ff9364e","TradeIQ220320Strategy_LongOnly","BTC-USDT","Bybit Perpetual","long","89865.0","89535.9","0.19429307601527113","6.971270540181611","17460.14727611234","-70.91312185680847","-0.4061427474545216","43200.0","1767384000000.0","1767427200000.0"
"0a8963af-41a6-4a10-8351-8d69f5bdc12f","TradeIQ220320Strategy_LongOnly","BTC-USDT","Bybit Perpetual","long","89931.8","93899.9","0.19339966297069972","7.1105977646661565","17392.779810348373","760.3186048693657","4.371461107194554","172800.0","1767456000000.0","1767628800000.0"
"130905d0-108f-47bb-ab18-4219e3947328","TradeIQ220320Strategy_LongOnly","BTC-USDT","Bybit Perpetual","long","93899.9","92062.2","0.19291908175593664","7.175127514681133","18115.082484974275","-361.70252405756537","-1.9966926695342564","100800.0","1767628800000.0","1767729600000.0"
"8d40cbd7-f888-46cd-be0e-bebde512cefd","TradeIQ220320Strategy_LongOnly","BTC-USDT","Bybit Perpetual","long","91137.7","90290.6","0.1949957601203408","7.075549853168246","17771.465087119584","-172.25645825110723","-0.969286760583152","14400.0","1767974400000.0","1767988800000.0"
"7c27b346-9b40-49ce-a5b4-b1e083c62b56","TradeIQ220320Strategy_LongOnly","BTC-USDT","Bybit Perpetual","long","91766.2","90573.9","0.1918769814134293","6.997373595724567","17607.821451781034","-235.77229853495686","-1.3390202710802048","28800.0","1768190400000.0","1768219200000.0"
"4716176f-9eb0-4771-a212-7f7a0b545db2","TradeIQ220320Strategy_LongOnly","BTC-USDT","Bybit Perpetual","long","91962.1","96691.9","0.18903263157510347","7.132352415433914","17383.837768172823","886.9541884084882","5.102177092519622","100800.0","1768305600000.0","1768406400000.0"
"15cc3137-18c5-42cf-abd9-17594c43c860","TradeIQ220320Strategy_LongOnly","BTC-USDT","Bybit Perpetual","long","96691.9","96717.3","0.18850021818953694","7.2915352799727575","18226.444247160885","-2.5036297379568735","-0.013736248848136474","86400.0","1768406400000.0","1768492800000.0"
"c3311f81-2d8a-4fce-831a-c6c45435ac53","TradeIQ220320Strategy_LongOnly","BTC-USDT","Bybit Perpetual","long","73339.7","70875.5","0.24848841485457163","7.167161289187003","18224.065798909825","-619.4923131738217","-3.3993090236256727","100800.0","1772640000000.0","1772740800000.0"
"37a583ba-4e65-46e9-bef7-e58ea0ab09ae","TradeIQ220320Strategy_LongOnly","BTC-USDT","Bybit Perpetual","long","70570.1","70005.2","0.2499011352030774","7.025985410302634","17635.548101394696","-148.19513668652326","-0.8403205606907297","28800.0","1773144000000.0","1773172800000.0"
"acf6a086-9b9b-47b9-a17b-4d811406d27d","TradeIQ220320Strategy_LongOnly","BTC-USDT","Bybit Perpetual","long","70480.1","70565.6","0.24822272842323578","7.002149697273039","17494.762721542502","14.22089358291362","0.08128657592710564","115200.0","1773360000000.0","1773475200000.0"
"531a08b9-3b69-48eb-85da-f66553453d36","TradeIQ220320Strategy_LongOnly","BTC-USDT","Bybit Perpetual","long","73539.5","74414.60000000002","0.2380798424036915","7.0449777621960035","17508.272570446272","201.2986923252793","1.149734741193536","172800.0","1773633600000.0","1773806400000.0"
"02e10cd7-072a-4b11-b404-56af00d5cf49","TradeIQ220320Strategy_LongOnly","BTC-USDT","Bybit Perpetual","long","70865.9","70512.1","0.24976055236940875","7.062129474576455","17699.506328155283","-95.42741290287036","-0.5391529635550926","14400.0","1774310400000.0","1774324800000.0"
"eef19309-d2ee-4ba1-8990-5aaa9989b0c1","TradeIQ220320Strategy_LongOnly","BTC-USDT","Bybit Perpetual","long","71255.2","69837.7","0.24712372270230884","6.973480538972918","17608.850285897555","-357.2713574694957","-2.0289306324310368","28800.0","1774339200000.0","1774368000000.0"
"5add4308-d72b-453f-bfcc-0d68c0775ff3","TradeIQ220320Strategy_LongOnly","BTC-USDT","Bybit Perpetual","long","70900.0","70053.8","0.24357464733852657","6.866554425205042","17269.442496301534","-212.9794210030655","-1.2332732863187545","86400.0","1774425600000.0","1774512000000.0"
